0 0 1
0 0 1
0 0 1
0 0 1
0 0 1
0 0 1
0 0 1
0 0 1
0 0 1
0 0 1
0 0 1
0 0 1
0 0 1
0 0 1
0 0 1
0 0 1
0 0 1
0 0 1
0 0 1
0 0 1
0 0 1
0 0 1
0 0 1
0 0 1
0 0 1
0 0 1
0 0 1
0 0 1
0 0 1
0 0 1
0 0 1
0 0 1
0 0 1
0 0 1
0 0 1
0 0 1
0 0 1
0 0 1
0 0 1
0 0 1
0 0 1
0 0 1
0 0 1
0 0 1
0 0 1
0 0 1
0 0 1
0 0 1
0 0 1
0 0 1
0.135968 0 0.990713
0.134896 0.0170414 0.990713
0.131697 0.033814 0.990713
0.12642 0.0500533 0.990713
0.11915 0.0655033 0.990713
0.110001 0.0799202 0.990713
0.0991167 0.0930768 0.990713
0.0866695 0.104765 0.990713
0.0728555 0.114802 0.990713
0.0578925 0.123028 0.990713
0.0420165 0.129314 0.990713
0.0254779 0.13356 0.990713
0.00853752 0.1357 0.990713
-0.00853752 0.1357 0.990713
-0.0254779 0.13356 0.990713
-0.0420165 0.129314 0.990713
-0.0578925 0.123028 0.990713
-0.0728555 0.114802 0.990713
-0.0866695 0.104765 0.990713
-0.0991167 0.0930768 0.990713
-0.110001 0.0799202 0.990713
-0.11915 0.0655033 0.990713
-0.12642 0.0500533 0.990713
-0.131697 0.033814 0.990713
-0.134896 0.0170414 0.990713
-0.135968 1.66513e-17 0.990713
-0.134896 -0.0170414 0.990713
-0.131697 -0.033814 0.990713
-0.12642 -0.0500533 0.990713
-0.11915 -0.0655033 0.990713
-0.110001 -0.0799202 0.990713
-0.0991167 -0.0930768 0.990713
-0.0866695 -0.104765 0.990713
-0.0728555 -0.114802 0.990713
-0.0578925 -0.123028 0.990713
-0.0420165 -0.129314 0.990713
-0.0254779 -0.13356 0.990713
-0.00853752 -0.1357 0.990713
0.00853752 -0.1357 0.990713
0.0254779 -0.13356 0.990713
0.0420165 -0.129314 0.990713
0.0578925 -0.123028 0.990713
0.0728555 -0.114802 0.990713
0.0866695 -0.104765 0.990713
0.0991167 -0.0930768 0.990713
0.110001 -0.0799202 0.990713
0.11915 -0.0655033 0.990713
0.12642 -0.0500533 0.990713
0.131697 -0.033814 0.990713
0.134896 -0.0170414 0.990713
0.191839 0 0.981426
0.190327 0.0240438 0.981426
0.185812 0.0477085 0.981426
0.178368 0.0706207 0.981426
0.16811 0.0924193 0.981426
0.155201 0.11276 0.981426
0.139845 0.131323 0.981426
0.122283 0.147815 0.981426
0.102793 0.161975 0.981426
0.0816812 0.173581 0.981426
0.0592816 0.18245 0.981426
0.0359471 0.188441 0.981426
0.0120457 0.191461 0.981426
-0.0120457 0.191461 0.981426
-0.0359471 0.188441 0.981426
-0.0592816 0.18245 0.981426
-0.0816812 0.173581 0.981426
-0.102793 0.161975 0.981426
-0.122283 0.147815 0.981426
-0.139845 0.131323 0.981426
-0.155201 0.11276 0.981426
-0.16811 0.0924193 0.981426
-0.178368 0.0706207 0.981426
-0.185812 0.0477085 0.981426
-0.190327 0.0240438 0.981426
-0.191839 2.34935e-17 0.981426
-0.190327 -0.0240438 0.981426
-0.185812 -0.0477085 0.981426
-0.178368 -0.0706207 0.981426
-0.16811 -0.0924193 0.981426
-0.155201 -0.11276 0.981426
-0.139845 -0.131323 0.981426
-0.122283 -0.147815 0.981426
-0.102793 -0.161975 0.981426
-0.0816812 -0.173581 0.981426
-0.0592816 -0.18245 0.981426
-0.0359471 -0.188441 0.981426
-0.0120457 -0.191461 0.981426
0.0120457 -0.191461 0.981426
0.0359471 -0.188441 0.981426
0.0592816 -0.18245 0.981426
0.0816812 -0.173581 0.981426
0.102793 -0.161975 0.981426
0.122283 -0.147815 0.981426
0.139845 -0.131323 0.981426
0.155201 -0.11276 0.981426
0.16811 -0.0924193 0.981426
0.178368 -0.0706207 0.981426
0.185812 -0.0477085 0.981426
0.190327 -0.0240438 0.981426
0.234403 0 0.97214
0.232555 0.0293785 0.97214
0.227039 0.0582936 0.97214
0.217942 0.0862895 0.97214
0.205409 0.112924 0.97214
0.189636 0.137779 0.97214
0.170872 0.16046 0.97214
0.149414 0.180611 0.97214
0.125599 0.197913 0.97214
0.0998039 0.212094 0.97214
0.0724345 0.22293 0.97214
0.0439227 0.230251 0.97214
0.0147183 0.23394 0.97214
-0.0147183 0.23394 0.97214
-0.0439227 0.230251 0.97214
-0.0724345 0.22293 0.97214
-0.0998039 0.212094 0.97214
-0.125599 0.197913 0.97214
-0.149414 0.180611 0.97214
-0.170872 0.16046 0.97214
-0.189636 0.137779 0.97214
-0.205409 0.112924 0.97214
-0.217942 0.0862895 0.97214
-0.227039 0.0582936 0.97214
-0.232555 0.0293785 0.97214
-0.234403 2.87061e-17 0.97214
-0.232555 -0.0293785 0.97214
-0.227039 -0.0582936 0.97214
-0.217942 -0.0862895 0.97214
-0.205409 -0.112924 0.97214
-0.189636 -0.137779 0.97214
-0.170872 -0.16046 0.97214
-0.149414 -0.180611 0.97214
-0.125599 -0.197913 0.97214
-0.0998039 -0.212094 0.97214
-0.0724345 -0.22293 0.97214
-0.0439227 -0.230251 0.97214
-0.0147183 -0.23394 0.97214
0.0147183 -0.23394 0.97214
0.0439227 -0.230251 0.97214
0.0724345 -0.22293 0.97214
0.0998039 -0.212094 0.97214
0.125599 -0.197913 0.97214
0.149414 -0.180611 0.97214
0.170872 -0.16046 0.97214
0.189636 -0.137779 0.97214
0.205409 -0.112924 0.97214
0.217942 -0.0862895 0.97214
0.227039 -0.0582936 0.97214
0.232555 -0.0293785 0.97214
0.270027 0 0.962853
0.267898 0.0338434 0.962853
0.261544 0.067153 0.962853
0.251065 0.0994036 0.962853
0.236627 0.130087 0.962853
0.218457 0.158718 0.962853
0.196841 0.184846 0.962853
0.172122 0.208059 0.962853
0.144688 0.227991 0.962853
0.114972 0.244328 0.962853
0.083443 0.256811 0.962853
0.050598 0.265244 0.962853
0.0169551 0.269494 0.962853
-0.0169551 0.269494 0.962853
-0.050598 0.265244 0.962853
-0.083443 0.256811 0.962853
-0.114972 0.244328 0.962853
-0.144688 0.227991 0.962853
-0.172122 0.208059 0.962853
-0.196841 0.184846 0.962853
-0.218457 0.158718 0.962853
-0.236627 0.130087 0.962853
-0.251065 0.0994036 0.962853
-0.261544 0.067153 0.962853
-0.267898 0.0338434 0.962853
-0.270027 3.30688e-17 0.962853
-0.267898 -0.0338434 0.962853
-0.261544 -0.067153 0.962853
-0.251065 -0.0994036 0.962853
-0.236627 -0.130087 0.962853
-0.218457 -0.158718 0.962853
-0.196841 -0.184846 0.962853
-0.172122 -0.208059 0.962853
-0.144688 -0.227991 0.962853
-0.114972 -0.244328 0.962853
-0.083443 -0.256811 0.962853
-0.050598 -0.265244 0.962853
-0.0169551 -0.269494 0.962853
0.0169551 -0.269494 0.962853
0.050598 -0.265244 0.962853
0.083443 -0.256811 0.962853
0.114972 -0.244328 0.962853
0.144688 -0.227991 0.962853
0.172122 -0.208059 0.962853
0.196841 -0.184846 0.962853
0.218457 -0.158718 0.962853
0.236627 -0.130087 0.962853
0.251065 -0.0994036 0.962853
0.261544 -0.067153 0.962853
0.267898 -0.0338434 0.962853
0.301184 0 0.953566
0.29881 0.0377484 0.953566
0.291722 0.0749015 0.953566
0.280034 0.110873 0.953566
0.26393 0.145097 0.953566
0.243663 0.177032 0.953566
0.219554 0.206175 0.953566
0.191982 0.232067 0.953566
0.161383 0.254298 0.953566
0.128238 0.27252 0.953566
0.0930711 0.286443 0.953566
0.0564363 0.29585 0.953566
0.0189115 0.30059 0.953566
-0.0189115 0.30059 0.953566
-0.0564363 0.29585 0.953566
-0.0930711 0.286443 0.953566
-0.128238 0.27252 0.953566
-0.161383 0.254298 0.953566
-0.191982 0.232067 0.953566
-0.219554 0.206175 0.953566
-0.243663 0.177032 0.953566
-0.26393 0.145097 0.953566
-0.280034 0.110873 0.953566
-0.291722 0.0749015 0.953566
-0.29881 0.0377484 0.953566
-0.301184 3.68845e-17 0.953566
-0.29881 -0.0377484 0.953566
-0.291722 -0.0749015 0.953566
-0.280034 -0.110873 0.953566
-0.26393 -0.145097 0.953566
-0.243663 -0.177032 0.953566
-0.219554 -0.206175 0.953566
-0.191982 -0.232067 0.953566
-0.161383 -0.254298 0.953566
-0.128238 -0.27252 0.953566
-0.0930711 -0.286443 0.953566
-0.0564363 -0.29585 0.953566
-0.0189115 -0.30059 0.953566
0.0189115 -0.30059 0.953566
0.0564363 -0.29585 0.953566
0.0930711 -0.286443 0.953566
0.128238 -0.27252 0.953566
0.161383 -0.254298 0.953566
0.191982 -0.232067 0.953566
0.219554 -0.206175 0.953566
0.243663 -0.177032 0.953566
0.26393 -0.145097 0.953566
0.280034 -0.110873 0.953566
0.291722 -0.0749015 0.953566
0.29881 -0.0377484 0.953566
0.329146 0 0.944279
0.326551 0.0412529 0.944279
0.318805 0.0818553 0.944279
0.306032 0.121167 0.944279
0.288433 0.158567 0.944279
0.266285 0.193467 0.944279
0.239937 0.225316 0.944279
0.209806 0.253611 0.944279
0.176365 0.277907 0.944279
0.140144 0.29782 0.944279
0.101712 0.313036 0.944279
0.0616758 0.323316 0.944279
0.0206672 0.328496 0.944279
-0.0206672 0.328496 0.944279
-0.0616758 0.323316 0.944279
-0.101712 0.313036 0.944279
-0.140144 0.29782 0.944279
-0.176365 0.277907 0.944279
-0.209806 0.253611 0.944279
-0.239937 0.225316 0.944279
-0.266285 0.193467 0.944279
-0.288433 0.158567 0.944279
-0.306032 0.121167 0.944279
-0.318805 0.0818553 0.944279
-0.326551 0.0412529 0.944279
-0.329146 4.03088e-17 0.944279
-0.326551 -0.0412529 0.944279
-0.318805 -0.0818553 0.944279
-0.306032 -0.121167 0.944279
-0.288433 -0.158567 0.944279
-0.266285 -0.193467 0.944279
-0.239937 -0.225316 0.944279
-0.209806 -0.253611 0.944279
-0.176365 -0.277907 0.944279
-0.140144 -0.29782 0.944279
-0.101712 -0.313036 0.944279
-0.0616758 -0.323316 0.944279
-0.0206672 -0.328496 0.944279
0.0206672 -0.328496 0.944279
0.0616758 -0.323316 0.944279
0.101712 -0.313036 0.944279
0.140144 -0.29782 0.944279
0.176365 -0.277907 0.944279
0.209806 -0.253611 0.944279
0.239937 -0.225316 0.944279
0.266285 -0.193467 0.944279
0.288433 -0.158567 0.944279
0.306032 -0.121167 0.944279
0.318805 -0.0818553 0.944279
0.326551 -0.0412529 0.944279
0.354668 0 0.934992
0.351871 0.0444517 0.934992
0.343526 0.0882024 0.934992
0.329762 0.130562 0.934992
0.310798 0.170863 0.934992
0.286933 0.208469 0.934992
0.258542 0.242787 0.934992
0.226074 0.273277 0.934992
0.190041 0.299456 0.934992
0.15101 0.320913 0.934992
0.109598 0.337309 0.934992
0.0664582 0.348386 0.934992
0.0222698 0.353968 0.934992
-0.0222698 0.353968 0.934992
-0.0664582 0.348386 0.934992
-0.109598 0.337309 0.934992
-0.15101 0.320913 0.934992
-0.190041 0.299456 0.934992
-0.226074 0.273277 0.934992
-0.258542 0.242787 0.934992
-0.286933 0.208469 0.934992
-0.310798 0.170863 0.934992
-0.329762 0.130562 0.934992
-0.343526 0.0882024 0.934992
-0.351871 0.0444517 0.934992
-0.354668 4.34343e-17 0.934992
-0.351871 -0.0444517 0.934992
-0.343526 -0.0882024 0.934992
-0.329762 -0.130562 0.934992
-0.310798 -0.170863 0.934992
-0.286933 -0.208469 0.934992
-0.258542 -0.242787 0.934992
-0.226074 -0.273277 0.934992
-0.190041 -0.299456 0.934992
-0.15101 -0.320913 0.934992
-0.109598 -0.337309 0.934992
-0.0664582 -0.348386 0.934992
-0.0222698 -0.353968 0.934992
0.0222698 -0.353968 0.934992
0.0664582 -0.348386 0.934992
0.109598 -0.337309 0.934992
0.15101 -0.320913 0.934992
0.190041 -0.299456 0.934992
0.226074 -0.273277 0.934992
0.258542 -0.242787 0.934992
0.286933 -0.208469 0.934992
0.310798 -0.170863 0.934992
0.329762 -0.130562 0.934992
0.343526 -0.0882024 0.934992
0.351871 -0.0444517 0.934992
0.378245 0 0.925705
0.375263 0.0474067 0.925705
0.366362 0.0940658 0.925705
0.351684 0.139241 0.925705
0.331459 0.182221 0.925705
0.306007 0.222327 0.925705
0.275729 0.258927 0.925705
0.241103 0.291443 0.925705
0.202674 0.319363 0.925705
0.161049 0.342247 0.925705
0.116884 0.359733 0.925705
0.0708761 0.371545 0.925705
0.0237502 0.377499 0.925705
-0.0237502 0.377499 0.925705
-0.0708761 0.371545 0.925705
-0.116884 0.359733 0.925705
-0.161049 0.342247 0.925705
-0.202674 0.319363 0.925705
-0.241103 0.291443 0.925705
-0.275729 0.258927 0.925705
-0.306007 0.222327 0.925705
-0.331459 0.182221 0.925705
-0.351684 0.139241 0.925705
-0.366362 0.0940658 0.925705
-0.375263 0.0474067 0.925705
-0.378245 4.63217e-17 0.925705
-0.375263 -0.0474067 0.925705
-0.366362 -0.0940658 0.925705
-0.351684 -0.139241 0.925705
-0.331459 -0.182221 0.925705
-0.306007 -0.222327 0.925705
-0.275729 -0.258927 0.925705
-0.241103 -0.291443 0.925705
-0.202674 -0.319363 0.925705
-0.161049 -0.342247 0.925705
-0.116884 -0.359733 0.925705
-0.0708761 -0.371545 0.925705
-0.0237502 -0.377499 0.925705
0.0237502 -0.377499 0.925705
0.0708761 -0.371545 0.925705
0.116884 -0.359733 0.925705
0.161049 -0.342247 0.925705
0.202674 -0.319363 0.925705
0.241103 -0.291443 0.925705
0.275729 -0.258927 0.925705
0.306007 -0.222327 0.925705
0.331459 -0.182221 0.925705
0.351684 -0.139241 0.925705
0.366362 -0.0940658 0.925705
0.375263 -0.0474067 0.925705
0.400221 0 0.916419
0.397065 0.050161 0.916419
0.387647 0.0995309 0.916419
0.372116 0.147331 0.916419
0.350716 0.192808 0.916419
0.323786 0.235244 0.916419
0.291749 0.27397 0.916419
0.255111 0.308376 0.916419
0.214449 0.337918 0.916419
0.170406 0.362131 0.916419
0.123675 0.380633 0.916419
0.074994 0.393132 0.916419
0.0251301 0.399431 0.916419
-0.0251301 0.399431 0.916419
-0.074994 0.393132 0.916419
-0.123675 0.380633 0.916419
-0.170406 0.362131 0.916419
-0.214449 0.337918 0.916419
-0.255111 0.308376 0.916419
-0.291749 0.27397 0.916419
-0.323786 0.235244 0.916419
-0.350716 0.192808 0.916419
-0.372116 0.147331 0.916419
-0.387647 0.0995309 0.916419
-0.397065 0.050161 0.916419
-0.400221 4.9013e-17 0.916419
-0.397065 -0.050161 0.916419
-0.387647 -0.0995309 0.916419
-0.372116 -0.147331 0.916419
-0.350716 -0.192808 0.916419
-0.323786 -0.235244 0.916419
-0.291749 -0.27397 0.916419
-0.255111 -0.308376 0.916419
-0.214449 -0.337918 0.916419
-0.170406 -0.362131 0.916419
-0.123675 -0.380633 0.916419
-0.074994 -0.393132 0.916419
-0.0251301 -0.399431 0.916419
0.0251301 -0.399431 0.916419
0.074994 -0.393132 0.916419
0.123675 -0.380633 0.916419
0.170406 -0.362131 0.916419
0.214449 -0.337918 0.916419
0.255111 -0.308376 0.916419
0.291749 -0.27397 0.916419
0.323786 -0.235244 0.916419
0.350716 -0.192808 0.916419
0.372116 -0.147331 0.916419
0.387647 -0.0995309 0.916419
0.397065 -0.050161 0.916419
0.420847 0 0.907132
0.417528 0.0527461 0.907132
0.407625 0.10466 0.907132
0.391293 0.154924 0.907132
0.368791 0.202744 0.907132
0.340472 0.247367 0.907132
0.306784 0.288089 0.907132
0.268258 0.324268 0.907132
0.225501 0.355333 0.907132
0.179188 0.380793 0.907132
0.130049 0.400249 0.907132
0.0788588 0.413392 0.907132
0.0264252 0.420016 0.907132
-0.0264252 0.420016 0.907132
-0.0788588 0.413392 0.907132
-0.130049 0.400249 0.907132
-0.179188 0.380793 0.907132
-0.225501 0.355333 0.907132
-0.268258 0.324268 0.907132
-0.306784 0.288089 0.907132
-0.340472 0.247367 0.907132
-0.368791 0.202744 0.907132
-0.391293 0.154924 0.907132
-0.407625 0.10466 0.907132
-0.417528 0.0527461 0.907132
-0.420847 5.15389e-17 0.907132
-0.417528 -0.0527461 0.907132
-0.407625 -0.10466 0.907132
-0.391293 -0.154924 0.907132
-0.368791 -0.202744 0.907132
-0.340472 -0.247367 0.907132
-0.306784 -0.288089 0.907132
-0.268258 -0.324268 0.907132
-0.225501 -0.355333 0.907132
-0.179188 -0.380793 0.907132
-0.130049 -0.400249 0.907132
-0.0788588 -0.413392 0.907132
-0.0264252 -0.420016 0.907132
0.0264252 -0.420016 0.907132
0.0788588 -0.413392 0.907132
0.130049 -0.400249 0.907132
0.179188 -0.380793 0.907132
0.225501 -0.355333 0.907132
0.268258 -0.324268 0.907132
0.306784 -0.288089 0.907132
0.340472 -0.247367 0.907132
0.368791 -0.202744 0.907132
0.391293 -0.154924 0.907132
0.407625 -0.10466 0.907132
0.417528 -0.0527461 0.907132
0.440312 0 0.897845
0.43684 0.0551857 0.897845
0.426479 0.109501 0.897845
0.409392 0.16209 0.897845
0.385848 0.212122 0.897845
0.35622 0.258809 0.897845
0.320973 0.301414 0.897845
0.280665 0.339266 0.897845
0.235931 0.371768 0.897845
0.187476 0.398406 0.897845
0.136064 0.418761 0.897845
0.0825062 0.432513 0.897845
0.0276474 0.439443 0.897845
-0.0276474 0.439443 0.897845
-0.0825062 0.432513 0.897845
-0.136064 0.418761 0.897845
-0.187476 0.398406 0.897845
-0.235931 0.371768 0.897845
-0.280665 0.339266 0.897845
-0.320973 0.301414 0.897845
-0.35622 0.258809 0.897845
-0.385848 0.212122 0.897845
-0.409392 0.16209 0.897845
-0.426479 0.109501 0.897845
-0.43684 0.0551857 0.897845
-0.440312 5.39226e-17 0.897845
-0.43684 -0.0551857 0.897845
-0.426479 -0.109501 0.897845
-0.409392 -0.16209 0.897845
-0.385848 -0.212122 0.897845
-0.35622 -0.258809 0.897845
-0.320973 -0.301414 0.897845
-0.280665 -0.339266 0.897845
-0.235931 -0.371768 0.897845
-0.187476 -0.398406 0.897845
-0.136064 -0.418761 0.897845
-0.0825062 -0.432513 0.897845
-0.0276474 -0.439443 0.897845
0.0276474 -0.439443 0.897845
0.0825062 -0.432513 0.897845
0.136064 -0.418761 0.897845
0.187476 -0.398406 0.897845
0.235931 -0.371768 0.897845
0.280665 -0.339266 0.897845
0.320973 -0.301414 0.897845
0.35622 -0.258809 0.897845
0.385848 -0.212122 0.897845
0.409392 -0.16209 0.897845
0.426479 -0.109501 0.897845
0.43684 -0.0551857 0.897845
0.458764 0 0.888558
0.455147 0.0574984 0.888558
0.444351 0.11409 0.888558
0.426548 0.168882 0.888558
0.402018 0.221011 0.888558
0.371148 0.269655 0.888558
0.334425 0.314046 0.888558
0.292427 0.353484 0.888558
0.245818 0.387347 0.888558
0.195332 0.415102 0.888558
0.141766 0.436311 0.888558
0.0859638 0.450638 0.888558
0.028806 0.457859 0.888558
-0.028806 0.457859 0.888558
-0.0859638 0.450638 0.888558
-0.141766 0.436311 0.888558
-0.195332 0.415102 0.888558
-0.245818 0.387347 0.888558
-0.292427 0.353484 0.888558
-0.334425 0.314046 0.888558
-0.371148 0.269655 0.888558
-0.402018 0.221011 0.888558
-0.426548 0.168882 0.888558
-0.444351 0.11409 0.888558
-0.455147 0.0574984 0.888558
-0.458764 5.61824e-17 0.888558
-0.455147 -0.0574984 0.888558
-0.444351 -0.11409 0.888558
-0.426548 -0.168882 0.888558
-0.402018 -0.221011 0.888558
-0.371148 -0.269655 0.888558
-0.334425 -0.314046 0.888558
-0.292427 -0.353484 0.888558
-0.245818 -0.387347 0.888558
-0.195332 -0.415102 0.888558
-0.141766 -0.436311 0.888558
-0.0859638 -0.450638 0.888558
-0.028806 -0.457859 0.888558
0.028806 -0.457859 0.888558
0.0859638 -0.450638 0.888558
0.141766 -0.436311 0.888558
0.195332 -0.415102 0.888558
0.245818 -0.387347 0.888558
0.292427 -0.353484 0.888558
0.334425 -0.314046 0.888558
0.371148 -0.269655 0.888558
0.402018 -0.221011 0.888558
0.426548 -0.168882 0.888558
0.444351 -0.11409 0.888558
0.455147 -0.0574984 0.888558
0.476321 0 0.879271
0.472565 0.0596989 0.879271
0.461357 0.118456 0.879271
0.442872 0.175346 0.879271
0.417404 0.22947 0.879271
0.385352 0.279975 0.879271
0.347223 0.326064 0.879271
0.303619 0.367012 0.879271
0.255226 0.402171 0.879271
0.202808 0.430988 0.879271
0.147191 0.453008 0.879271
0.0892537 0.467884 0.879271
0.0299085 0.475381 0.879271
-0.0299085 0.475381 0.879271
-0.0892537 0.467884 0.879271
-0.147191 0.453008 0.879271
-0.202808 0.430988 0.879271
-0.255226 0.402171 0.879271
-0.303619 0.367012 0.879271
-0.347223 0.326064 0.879271
-0.385352 0.279975 0.879271
-0.417404 0.22947 0.879271
-0.442872 0.175346 0.879271
-0.461357 0.118456 0.879271
-0.472565 0.0596989 0.879271
-0.476321 5.83325e-17 0.879271
-0.472565 -0.0596989 0.879271
-0.461357 -0.118456 0.879271
-0.442872 -0.175346 0.879271
-0.417404 -0.22947 0.879271
-0.385352 -0.279975 0.879271
-0.347223 -0.326064 0.879271
-0.303619 -0.367012 0.879271
-0.255226 -0.402171 0.879271
-0.202808 -0.430988 0.879271
-0.147191 -0.453008 0.879271
-0.0892537 -0.467884 0.879271
-0.0299085 -0.475381 0.879271
0.0299085 -0.475381 0.879271
0.0892537 -0.467884 0.879271
0.147191 -0.453008 0.879271
0.202808 -0.430988 0.879271
0.255226 -0.402171 0.879271
0.303619 -0.367012 0.879271
0.347223 -0.326064 0.879271
0.385352 -0.279975 0.879271
0.417404 -0.22947 0.879271
0.442872 -0.175346 0.879271
0.461357 -0.118456 0.879271
0.472565 -0.0596989 0.879271
0.493079 0 0.869984
0.489191 0.0617992 0.869984
0.477588 0.122624 0.869984
0.458453 0.181515 0.869984
0.432088 0.237543 0.869984
0.398909 0.289825 0.869984
0.359439 0.337536 0.869984
0.3143 0.379924 0.869984
0.264205 0.41632 0.869984
0.209943 0.446151 0.869984
0.15237 0.468946 0.869984
0.0923938 0.484345 0.869984
0.0309607 0.492106 0.869984
-0.0309607 0.492106 0.869984
-0.0923938 0.484345 0.869984
-0.15237 0.468946 0.869984
-0.209943 0.446151 0.869984
-0.264205 0.41632 0.869984
-0.3143 0.379924 0.869984
-0.359439 0.337536 0.869984
-0.398909 0.289825 0.869984
-0.432088 0.237543 0.869984
-0.458453 0.181515 0.869984
-0.477588 0.122624 0.869984
-0.489191 0.0617992 0.869984
-0.493079 6.03848e-17 0.869984
-0.489191 -0.0617992 0.869984
-0.477588 -0.122624 0.869984
-0.458453 -0.181515 0.869984
-0.432088 -0.237543 0.869984
-0.398909 -0.289825 0.869984
-0.359439 -0.337536 0.869984
-0.3143 -0.379924 0.869984
-0.264205 -0.41632 0.869984
-0.209943 -0.446151 0.869984
-0.15237 -0.468946 0.869984
-0.0923938 -0.484345 0.869984
-0.0309607 -0.492106 0.869984
0.0309607 -0.492106 0.869984
0.0923938 -0.484345 0.869984
0.15237 -0.468946 0.869984
0.209943 -0.446151 0.869984
0.264205 -0.41632 0.869984
0.3143 -0.379924 0.869984
0.359439 -0.337536 0.869984
0.398909 -0.289825 0.869984
0.432088 -0.237543 0.869984
0.458453 -0.181515 0.869984
0.477588 -0.122624 0.869984
0.489191 -0.0617992 0.869984
0.509116 0 0.860698
0.505102 0.0638092 0.860698
0.493122 0.126612 0.860698
0.473364 0.187418 0.860698
0.446142 0.245269 0.860698
0.411884 0.299251 0.860698
0.37113 0.348514 0.860698
0.324523 0.392281 0.860698
0.272798 0.429861 0.860698
0.216771 0.460662 0.860698
0.157326 0.484198 0.860698
0.0953989 0.500099 0.860698
0.0319677 0.508112 0.860698
-0.0319677 0.508112 0.860698
-0.0953989 0.500099 0.860698
-0.157326 0.484198 0.860698
-0.216771 0.460662 0.860698
-0.272798 0.429861 0.860698
-0.324523 0.392281 0.860698
-0.37113 0.348514 0.860698
-0.411884 0.299251 0.860698
-0.446142 0.245269 0.860698
-0.473364 0.187418 0.860698
-0.493122 0.126612 0.860698
-0.505102 0.0638092 0.860698
-0.509116 6.23488e-17 0.860698
-0.505102 -0.0638092 0.860698
-0.493122 -0.126612 0.860698
-0.473364 -0.187418 0.860698
-0.446142 -0.245269 0.860698
-0.411884 -0.299251 0.860698
-0.37113 -0.348514 0.860698
-0.324523 -0.392281 0.860698
-0.272798 -0.429861 0.860698
-0.216771 -0.460662 0.860698
-0.157326 -0.484198 0.860698
-0.0953989 -0.500099 0.860698
-0.0319677 -0.508112 0.860698
0.0319677 -0.508112 0.860698
0.0953989 -0.500099 0.860698
0.157326 -0.484198 0.860698
0.216771 -0.460662 0.860698
0.272798 -0.429861 0.860698
0.324523 -0.392281 0.860698
0.37113 -0.348514 0.860698
0.411884 -0.299251 0.860698
0.446142 -0.245269 0.860698
0.473364 -0.187418 0.860698
0.493122 -0.126612 0.860698
0.505102 -0.0638092 0.860698
0.524499 0 0.851411
0.520364 0.0657372 0.851411
0.508021 0.130438 0.851411
0.487667 0.193081 0.851411
0.459622 0.252679 0.851411
0.424329 0.308293 0.851411
0.382344 0.359045 0.851411
0.334328 0.404134 0.851411
0.281041 0.442849 0.851411
0.223321 0.474581 0.851411
0.162079 0.498829 0.851411
0.0982814 0.515209 0.851411
0.0329336 0.523464 0.851411
-0.0329336 0.523464 0.851411
-0.0982814 0.515209 0.851411
-0.162079 0.498829 0.851411
-0.223321 0.474581 0.851411
-0.281041 0.442849 0.851411
-0.334328 0.404134 0.851411
-0.382344 0.359045 0.851411
-0.424329 0.308293 0.851411
-0.459622 0.252679 0.851411
-0.487667 0.193081 0.851411
-0.508021 0.130438 0.851411
-0.520364 0.0657372 0.851411
-0.524499 6.42326e-17 0.851411
-0.520364 -0.0657372 0.851411
-0.508021 -0.130438 0.851411
-0.487667 -0.193081 0.851411
-0.459622 -0.252679 0.851411
-0.424329 -0.308293 0.851411
-0.382344 -0.359045 0.851411
-0.334328 -0.404134 0.851411
-0.281041 -0.442849 0.851411
-0.223321 -0.474581 0.851411
-0.162079 -0.498829 0.851411
-0.0982814 -0.515209 0.851411
-0.0329336 -0.523464 0.851411
0.0329336 -0.523464 0.851411
0.0982814 -0.515209 0.851411
0.162079 -0.498829 0.851411
0.223321 -0.474581 0.851411
0.281041 -0.442849 0.851411
0.334328 -0.404134 0.851411
0.382344 -0.359045 0.851411
0.424329 -0.308293 0.851411
0.459622 -0.252679 0.851411
0.487667 -0.193081 0.851411
0.508021 -0.130438 0.851411
0.520364 -0.0657372 0.851411
0.539284 0 0.842124
0.535031 0.0675902 0.842124
0.522341 0.134114 0.842124
0.501413 0.198524 0.842124
0.472578 0.259802 0.842124
0.43629 0.316983 0.842124
0.393121 0.369165 0.842124
0.343752 0.415525 0.842124
0.288963 0.455332 0.842124
0.229616 0.487959 0.842124
0.166648 0.512889 0.842124
0.101052 0.529732 0.842124
0.0338619 0.53822 0.842124
-0.0338619 0.53822 0.842124
-0.101052 0.529732 0.842124
-0.166648 0.512889 0.842124
-0.229616 0.487959 0.842124
-0.288963 0.455332 0.842124
-0.343752 0.415525 0.842124
-0.393121 0.369165 0.842124
-0.43629 0.316983 0.842124
-0.472578 0.259802 0.842124
-0.501413 0.198524 0.842124
-0.522341 0.134114 0.842124
-0.535031 0.0675902 0.842124
-0.539284 6.60432e-17 0.842124
-0.535031 -0.0675902 0.842124
-0.522341 -0.134114 0.842124
-0.501413 -0.198524 0.842124
-0.472578 -0.259802 0.842124
-0.43629 -0.316983 0.842124
-0.393121 -0.369165 0.842124
-0.343752 -0.415525 0.842124
-0.288963 -0.455332 0.842124
-0.229616 -0.487959 0.842124
-0.166648 -0.512889 0.842124
-0.101052 -0.529732 0.842124
-0.0338619 -0.53822 0.842124
0.0338619 -0.53822 0.842124
0.101052 -0.529732 0.842124
0.166648 -0.512889 0.842124
0.229616 -0.487959 0.842124
0.288963 -0.455332 0.842124
0.343752 -0.415525 0.842124
0.393121 -0.369165 0.842124
0.43629 -0.316983 0.842124
0.472578 -0.259802 0.842124
0.501413 -0.198524 0.842124
0.522341 -0.134114 0.842124
0.535031 -0.0675902 0.842124
0.553518 0 0.832837
0.549153 0.0693742 0.832837
0.536128 0.137654 0.832837
0.514648 0.203764 0.832837
0.485052 0.266659 0.832837
0.447805 0.32535 0.832837
0.403497 0.378909 0.832837
0.352826 0.426493 0.832837
0.29659 0.467351 0.832837
0.235677 0.500838 0.832837
0.171046 0.526427 0.832837
0.103719 0.543714 0.832837
0.0347557 0.552426 0.832837
-0.0347557 0.552426 0.832837
-0.103719 0.543714 0.832837
-0.171046 0.526427 0.832837
-0.235677 0.500838 0.832837
-0.29659 0.467351 0.832837
-0.352826 0.426493 0.832837
-0.403497 0.378909 0.832837
-0.447805 0.32535 0.832837
-0.485052 0.266659 0.832837
-0.514648 0.203764 0.832837
-0.536128 0.137654 0.832837
-0.549153 0.0693742 0.832837
-0.553518 6.77864e-17 0.832837
-0.549153 -0.0693742 0.832837
-0.536128 -0.137654 0.832837
-0.514648 -0.203764 0.832837
-0.485052 -0.266659 0.832837
-0.447805 -0.32535 0.832837
-0.403497 -0.378909 0.832837
-0.352826 -0.426493 0.832837
-0.29659 -0.467351 0.832837
-0.235677 -0.500838 0.832837
-0.171046 -0.526427 0.832837
-0.103719 -0.543714 0.832837
-0.0347557 -0.552426 0.832837
0.0347557 -0.552426 0.832837
0.103719 -0.543714 0.832837
0.171046 -0.526427 0.832837
0.235677 -0.500838 0.832837
0.29659 -0.467351 0.832837
0.352826 -0.426493 0.832837
0.403497 -0.378909 0.832837
0.447805 -0.32535 0.832837
0.485052 -0.266659 0.832837
0.514648 -0.203764 0.832837
0.536128 -0.137654 0.832837
0.549153 -0.0693742 0.832837
0.567243 0 0.82355
0.56277 0.0710944 0.82355
0.549422 0.141068 0.82355
0.527409 0.208816 0.82355
0.497079 0.273271 0.82355
0.458909 0.333417 0.82355
0.413502 0.388305 0.82355
0.361574 0.437068 0.82355
0.303944 0.478939 0.82355
0.24152 0.513257 0.82355
0.175288 0.53948 0.82355
0.106291 0.557196 0.82355
0.0356175 0.566124 0.82355
-0.0356175 0.566124 0.82355
-0.106291 0.557196 0.82355
-0.175288 0.53948 0.82355
-0.24152 0.513257 0.82355
-0.303944 0.478939 0.82355
-0.361574 0.437068 0.82355
-0.413502 0.388305 0.82355
-0.458909 0.333417 0.82355
-0.497079 0.273271 0.82355
-0.527409 0.208816 0.82355
-0.549422 0.141068 0.82355
-0.56277 0.0710944 0.82355
-0.567243 6.94672e-17 0.82355
-0.56277 -0.0710944 0.82355
-0.549422 -0.141068 0.82355
-0.527409 -0.208816 0.82355
-0.497079 -0.273271 0.82355
-0.458909 -0.333417 0.82355
-0.413502 -0.388305 0.82355
-0.361574 -0.437068 0.82355
-0.303944 -0.478939 0.82355
-0.24152 -0.513257 0.82355
-0.175288 -0.53948 0.82355
-0.106291 -0.557196 0.82355
-0.0356175 -0.566124 0.82355
0.0356175 -0.566124 0.82355
0.106291 -0.557196 0.82355
0.175288 -0.53948 0.82355
0.24152 -0.513257 0.82355
0.303944 -0.478939 0.82355
0.361574 -0.437068 0.82355
0.413502 -0.388305 0.82355
0.458909 -0.333417 0.82355
0.497079 -0.273271 0.82355
0.527409 -0.208816 0.82355
0.549422 -0.141068 0.82355
0.56277 -0.0710944 0.82355
0.580495 0 0.814264
0.575918 0.0727554 0.814264
0.562258 0.144363 0.814264
0.539731 0.213695 0.814264
0.508692 0.279656 0.814264
0.469631 0.341207 0.814264
0.423163 0.397376 0.814264
0.370022 0.447279 0.814264
0.311045 0.490128 0.814264
0.247163 0.525248 0.814264
0.179383 0.552084 0.814264
0.108774 0.570213 0.814264
0.0364496 0.57935 0.814264
-0.0364496 0.57935 0.814264
-0.108774 0.570213 0.814264
-0.179383 0.552084 0.814264
-0.247163 0.525248 0.814264
-0.311045 0.490128 0.814264
-0.370022 0.447279 0.814264
-0.423163 0.397376 0.814264
-0.469631 0.341207 0.814264
-0.508692 0.279656 0.814264
-0.539731 0.213695 0.814264
-0.562258 0.144363 0.814264
-0.575918 0.0727554 0.814264
-0.580495 7.10902e-17 0.814264
-0.575918 -0.0727554 0.814264
-0.562258 -0.144363 0.814264
-0.539731 -0.213695 0.814264
-0.508692 -0.279656 0.814264
-0.469631 -0.341207 0.814264
-0.423163 -0.397376 0.814264
-0.370022 -0.447279 0.814264
-0.311045 -0.490128 0.814264
-0.247163 -0.525248 0.814264
-0.179383 -0.552084 0.814264
-0.108774 -0.570213 0.814264
-0.0364496 -0.57935 0.814264
0.0364496 -0.57935 0.814264
0.108774 -0.570213 0.814264
0.179383 -0.552084 0.814264
0.247163 -0.525248 0.814264
0.311045 -0.490128 0.814264
0.370022 -0.447279 0.814264
0.423163 -0.397376 0.814264
0.469631 -0.341207 0.814264
0.508692 -0.279656 0.814264
0.539731 -0.213695 0.814264
0.562258 -0.144363 0.814264
0.575918 -0.0727554 0.814264
0.593306 0 0.804977
0.588628 0.074361 0.804977
0.574667 0.147549 0.804977
0.551642 0.218411 0.804977
0.519918 0.285828 0.804977
0.479995 0.348737 0.804977
0.432502 0.406146 0.804977
0.378188 0.45715 0.804977
0.317909 0.500945 0.804977
0.252618 0.53684 0.804977
0.183342 0.564268 0.804977
0.111175 0.582797 0.804977
0.037254 0.592136 0.804977
-0.037254 0.592136 0.804977
-0.111175 0.582797 0.804977
-0.183342 0.564268 0.804977
-0.252618 0.53684 0.804977
-0.317909 0.500945 0.804977
-0.378188 0.45715 0.804977
-0.432502 0.406146 0.804977
-0.479995 0.348737 0.804977
-0.519918 0.285828 0.804977
-0.551642 0.218411 0.804977
-0.574667 0.147549 0.804977
-0.588628 0.074361 0.804977
-0.593306 7.26591e-17 0.804977
-0.588628 -0.074361 0.804977
-0.574667 -0.147549 0.804977
-0.551642 -0.218411 0.804977
-0.519918 -0.285828 0.804977
-0.479995 -0.348737 0.804977
-0.432502 -0.406146 0.804977
-0.378188 -0.45715 0.804977
-0.317909 -0.500945 0.804977
-0.252618 -0.53684 0.804977
-0.183342 -0.564268 0.804977
-0.111175 -0.582797 0.804977
-0.037254 -0.592136 0.804977
0.037254 -0.592136 0.804977
0.111175 -0.582797 0.804977
0.183342 -0.564268 0.804977
0.252618 -0.53684 0.804977
0.317909 -0.500945 0.804977
0.378188 -0.45715 0.804977
0.432502 -0.406146 0.804977
0.479995 -0.348737 0.804977
0.519918 -0.285828 0.804977
0.551642 -0.218411 0.804977
0.574667 -0.147549 0.804977
0.588628 -0.074361 0.804977
0.605704 0 0.79569
0.600928 0.0759149 0.79569
0.586675 0.150633 0.79569
0.56317 0.222975 0.79569
0.530783 0.2918 0.79569
0.490025 0.356024 0.79569
0.441539 0.414633 0.79569
0.38609 0.466703 0.79569
0.324553 0.511413 0.79569
0.257896 0.548058 0.79569
0.187173 0.576059 0.79569
0.113498 0.594975 0.79569
0.0380325 0.604509 0.79569
-0.0380325 0.604509 0.79569
-0.113498 0.594975 0.79569
-0.187173 0.576059 0.79569
-0.257896 0.548058 0.79569
-0.324553 0.511413 0.79569
-0.38609 0.466703 0.79569
-0.441539 0.414633 0.79569
-0.490025 0.356024 0.79569
-0.530783 0.2918 0.79569
-0.56317 0.222975 0.79569
-0.586675 0.150633 0.79569
-0.600928 0.0759149 0.79569
-0.605704 7.41774e-17 0.79569
-0.600928 -0.0759149 0.79569
-0.586675 -0.150633 0.79569
-0.56317 -0.222975 0.79569
-0.530783 -0.2918 0.79569
-0.490025 -0.356024 0.79569
-0.441539 -0.414633 0.79569
-0.38609 -0.466703 0.79569
-0.324553 -0.511413 0.79569
-0.257896 -0.548058 0.79569
-0.187173 -0.576059 0.79569
-0.113498 -0.594975 0.79569
-0.0380325 -0.604509 0.79569
0.0380325 -0.604509 0.79569
0.113498 -0.594975 0.79569
0.187173 -0.576059 0.79569
0.257896 -0.548058 0.79569
0.324553 -0.511413 0.79569
0.38609 -0.466703 0.79569
0.441539 -0.414633 0.79569
0.490025 -0.356024 0.79569
0.530783 -0.2918 0.79569
0.56317 -0.222975 0.79569
0.586675 -0.150633 0.79569
0.600928 -0.0759149 0.79569
0.617714 0 0.786403
0.612843 0.0774201 0.786403
0.598307 0.153619 0.786403
0.574336 0.227396 0.786403
0.541307 0.297586 0.786403
0.499741 0.363083 0.786403
0.450294 0.422854 0.786403
0.393746 0.475957 0.786403
0.330988 0.521553 0.786403
0.26301 0.558924 0.786403
0.190884 0.587481 0.786403
0.115748 0.606772 0.786403
0.0387866 0.616495 0.786403
-0.0387866 0.616495 0.786403
-0.115748 0.606772 0.786403
-0.190884 0.587481 0.786403
-0.26301 0.558924 0.786403
-0.330988 0.521553 0.786403
-0.393746 0.475957 0.786403
-0.450294 0.422854 0.786403
-0.499741 0.363083 0.786403
-0.541307 0.297586 0.786403
-0.574336 0.227396 0.786403
-0.598307 0.153619 0.786403
-0.612843 0.0774201 0.786403
-0.617714 7.56481e-17 0.786403
-0.612843 -0.0774201 0.786403
-0.598307 -0.153619 0.786403
-0.574336 -0.227396 0.786403
-0.541307 -0.297586 0.786403
-0.499741 -0.363083 0.786403
-0.450294 -0.422854 0.786403
-0.393746 -0.475957 0.786403
-0.330988 -0.521553 0.786403
-0.26301 -0.558924 0.786403
-0.190884 -0.587481 0.786403
-0.115748 -0.606772 0.786403
-0.0387866 -0.616495 0.786403
0.0387866 -0.616495 0.786403
0.115748 -0.606772 0.786403
0.190884 -0.587481 0.786403
0.26301 -0.558924 0.786403
0.330988 -0.521553 0.786403
0.393746 -0.475957 0.786403
0.450294 -0.422854 0.786403
0.499741 -0.363083 0.786403
0.541307 -0.297586 0.786403
0.574336 -0.227396 0.786403
0.598307 -0.153619 0.786403
0.612843 -0.0774201 0.786403
0.629357 0 0.777116
0.624394 0.0788794 0.777116
0.609585 0.156515 0.777116
0.585161 0.231682 0.777116
0.55151 0.303195 0.777116
0.509161 0.369927 0.777116
0.458782 0.430825 0.777116
0.401167 0.484928 0.777116
0.337226 0.531384 0.777116
0.267967 0.569459 0.777116
0.194482 0.598554 0.777116
0.11793 0.618209 0.777116
0.0395177 0.628115 0.777116
-0.0395177 0.628115 0.777116
-0.11793 0.618209 0.777116
-0.194482 0.598554 0.777116
-0.267967 0.569459 0.777116
-0.337226 0.531384 0.777116
-0.401167 0.484928 0.777116
-0.458782 0.430825 0.777116
-0.509161 0.369927 0.777116
-0.55151 0.303195 0.777116
-0.585161 0.231682 0.777116
-0.609585 0.156515 0.777116
-0.624394 0.0788794 0.777116
-0.629357 7.7074e-17 0.777116
-0.624394 -0.0788794 0.777116
-0.609585 -0.156515 0.777116
-0.585161 -0.231682 0.777116
-0.55151 -0.303195 0.777116
-0.509161 -0.369927 0.777116
-0.458782 -0.430825 0.777116
-0.401167 -0.484928 0.777116
-0.337226 -0.531384 0.777116
-0.267967 -0.569459 0.777116
-0.194482 -0.598554 0.777116
-0.11793 -0.618209 0.777116
-0.0395177 -0.628115 0.777116
0.0395177 -0.628115 0.777116
0.11793 -0.618209 0.777116
0.194482 -0.598554 0.777116
0.267967 -0.569459 0.777116
0.337226 -0.531384 0.777116
0.401167 -0.484928 0.777116
0.458782 -0.430825 0.777116
0.509161 -0.369927 0.777116
0.55151 -0.303195 0.777116
0.585161 -0.231682 0.777116
0.609585 -0.156515 0.777116
0.624394 -0.0788794 0.777116
0.640654 0 0.767829
0.635603 0.0802953 0.767829
0.620527 0.159324 0.767829
0.595665 0.235841 0.767829
0.56141 0.308638 0.767829
0.5183 0.376567 0.767829
0.467017 0.438558 0.767829
0.408368 0.493633 0.767829
0.34328 0.540922 0.767829
0.272777 0.579681 0.767829
0.197973 0.609298 0.767829
0.120047 0.629307 0.767829
0.040227 0.63939 0.767829
-0.040227 0.63939 0.767829
-0.120047 0.629307 0.767829
-0.197973 0.609298 0.767829
-0.272777 0.579681 0.767829
-0.34328 0.540922 0.767829
-0.408368 0.493633 0.767829
-0.467017 0.438558 0.767829
-0.5183 0.376567 0.767829
-0.56141 0.308638 0.767829
-0.595665 0.235841 0.767829
-0.620527 0.159324 0.767829
-0.635603 0.0802953 0.767829
-0.640654 7.84575e-17 0.767829
-0.635603 -0.0802953 0.767829
-0.620527 -0.159324 0.767829
-0.595665 -0.235841 0.767829
-0.56141 -0.308638 0.767829
-0.5183 -0.376567 0.767829
-0.467017 -0.438558 0.767829
-0.408368 -0.493633 0.767829
-0.34328 -0.540922 0.767829
-0.272777 -0.579681 0.767829
-0.197973 -0.609298 0.767829
-0.120047 -0.629307 0.767829
-0.040227 -0.63939 0.767829
0.040227 -0.63939 0.767829
0.120047 -0.629307 0.767829
0.197973 -0.609298 0.767829
0.272777 -0.579681 0.767829
0.34328 -0.540922 0.767829
0.408368 -0.493633 0.767829
0.467017 -0.438558 0.767829
0.5183 -0.376567 0.767829
0.56141 -0.308638 0.767829
0.595665 -0.235841 0.767829
0.620527 -0.159324 0.767829
0.635603 -0.0802953 0.767829
0.651623 0 0.758543
0.646485 0.0816701 0.758543
0.631151 0.162052 0.758543
0.605864 0.239879 0.758543
0.571022 0.313922 0.758543
0.527174 0.383015 0.758543
0.475013 0.446067 0.758543
0.41536 0.502084 0.758543
0.349157 0.550184 0.758543
0.277448 0.589607 0.758543
0.201363 0.619731 0.758543
0.122102 0.640081 0.758543
0.0409158 0.650338 0.758543
-0.0409158 0.650338 0.758543
-0.122102 0.640081 0.758543
-0.201363 0.619731 0.758543
-0.277448 0.589607 0.758543
-0.349157 0.550184 0.758543
-0.41536 0.502084 0.758543
-0.475013 0.446067 0.758543
-0.527174 0.383015 0.758543
-0.571022 0.313922 0.758543
-0.605864 0.239879 0.758543
-0.631151 0.162052 0.758543
-0.646485 0.0816701 0.758543
-0.651623 7.98009e-17 0.758543
-0.646485 -0.0816701 0.758543
-0.631151 -0.162052 0.758543
-0.605864 -0.239879 0.758543
-0.571022 -0.313922 0.758543
-0.527174 -0.383015 0.758543
-0.475013 -0.446067 0.758543
-0.41536 -0.502084 0.758543
-0.349157 -0.550184 0.758543
-0.277448 -0.589607 0.758543
-0.201363 -0.619731 0.758543
-0.122102 -0.640081 0.758543
-0.0409158 -0.650338 0.758543
0.0409158 -0.650338 0.758543
0.122102 -0.640081 0.758543
0.201363 -0.619731 0.758543
0.277448 -0.589607 0.758543
0.349157 -0.550184 0.758543
0.41536 -0.502084 0.758543
0.475013 -0.446067 0.758543
0.527174 -0.383015 0.758543
0.571022 -0.313922 0.758543
0.605864 -0.239879 0.758543
0.631151 -0.162052 0.758543
0.646485 -0.0816701 0.758543
0.662281 0 0.749256
0.657058 0.0830058 0.749256
0.641474 0.164703 0.749256
0.615773 0.243802 0.749256
0.580361 0.319056 0.749256
0.535796 0.389279 0.749256
0.482782 0.453362 0.749256
0.422154 0.510296 0.749256
0.354868 0.559182 0.749256
0.281985 0.59925 0.749256
0.204656 0.629866 0.749256
0.124099 0.65055 0.749256
0.0415849 0.660974 0.749256
-0.0415849 0.660974 0.749256
-0.124099 0.65055 0.749256
-0.204656 0.629866 0.749256
-0.281985 0.59925 0.749256
-0.354868 0.559182 0.749256
-0.422154 0.510296 0.749256
-0.482782 0.453362 0.749256
-0.535796 0.389279 0.749256
-0.580361 0.319056 0.749256
-0.615773 0.243802 0.749256
-0.641474 0.164703 0.749256
-0.657058 0.0830058 0.749256
-0.662281 8.1106e-17 0.749256
-0.657058 -0.0830058 0.749256
-0.641474 -0.164703 0.749256
-0.615773 -0.243802 0.749256
-0.580361 -0.319056 0.749256
-0.535796 -0.389279 0.749256
-0.482782 -0.453362 0.749256
-0.422154 -0.510296 0.749256
-0.354868 -0.559182 0.749256
-0.281985 -0.59925 0.749256
-0.204656 -0.629866 0.749256
-0.124099 -0.65055 0.749256
-0.0415849 -0.660974 0.749256
0.0415849 -0.660974 0.749256
0.124099 -0.65055 0.749256
0.204656 -0.629866 0.749256
0.281985 -0.59925 0.749256
0.354868 -0.559182 0.749256
0.422154 -0.510296 0.749256
0.482782 -0.453362 0.749256
0.535796 -0.389279 0.749256
0.580361 -0.319056 0.749256
0.615773 -0.243802 0.749256
0.641474 -0.164703 0.749256
0.657058 -0.0830058 0.749256
0.672641 0 0.739969
0.667337 0.0843043 0.739969
0.651509 0.167279 0.739969
0.625406 0.247616 0.739969
0.58944 0.324047 0.739969
0.544178 0.395368 0.739969
0.490334 0.460454 0.739969
0.428758 0.518279 0.739969
0.360419 0.56793 0.739969
0.286397 0.608624 0.739969
0.207857 0.63972 0.739969
0.12604 0.660727 0.739969
0.0422355 0.671314 0.739969
-0.0422355 0.671314 0.739969
-0.12604 0.660727 0.739969
-0.207857 0.63972 0.739969
-0.286397 0.608624 0.739969
-0.360419 0.56793 0.739969
-0.428758 0.518279 0.739969
-0.490334 0.460454 0.739969
-0.544178 0.395368 0.739969
-0.58944 0.324047 0.739969
-0.625406 0.247616 0.739969
-0.651509 0.167279 0.739969
-0.667337 0.0843043 0.739969
-0.672641 8.23748e-17 0.739969
-0.667337 -0.0843043 0.739969
-0.651509 -0.167279 0.739969
-0.625406 -0.247616 0.739969
-0.58944 -0.324047 0.739969
-0.544178 -0.395368 0.739969
-0.490334 -0.460454 0.739969
-0.428758 -0.518279 0.739969
-0.360419 -0.56793 0.739969
-0.286397 -0.608624 0.739969
-0.207857 -0.63972 0.739969
-0.12604 -0.660727 0.739969
-0.0422355 -0.671314 0.739969
0.0422355 -0.671314 0.739969
0.12604 -0.660727 0.739969
0.207857 -0.63972 0.739969
0.286397 -0.608624 0.739969
0.360419 -0.56793 0.739969
0.428758 -0.518279 0.739969
0.490334 -0.460454 0.739969
0.544178 -0.395368 0.739969
0.58944 -0.324047 0.739969
0.625406 -0.247616 0.739969
0.651509 -0.167279 0.739969
0.667337 -0.0843043 0.739969
0.682718 0 0.730682
0.677334 0.0855672 0.730682
0.661269 0.169785 0.730682
0.634775 0.251325 0.730682
0.59827 0.328902 0.730682
0.55233 0.401291 0.730682
0.49768 0.467352 0.730682
0.435181 0.526043 0.730682
0.365818 0.576438 0.730682
0.290687 0.617742 0.730682
0.210971 0.649303 0.730682
0.127929 0.670625 0.730682
0.0428682 0.681371 0.730682
-0.0428682 0.681371 0.730682
-0.127929 0.670625 0.730682
-0.210971 0.649303 0.730682
-0.290687 0.617742 0.730682
-0.365818 0.576438 0.730682
-0.435181 0.526043 0.730682
-0.49768 0.467352 0.730682
-0.55233 0.401291 0.730682
-0.59827 0.328902 0.730682
-0.634775 0.251325 0.730682
-0.661269 0.169785 0.730682
-0.677334 0.0855672 0.730682
-0.682718 8.36088e-17 0.730682
-0.677334 -0.0855672 0.730682
-0.661269 -0.169785 0.730682
-0.634775 -0.251325 0.730682
-0.59827 -0.328902 0.730682
-0.55233 -0.401291 0.730682
-0.49768 -0.467352 0.730682
-0.435181 -0.526043 0.730682
-0.365818 -0.576438 0.730682
-0.290687 -0.617742 0.730682
-0.210971 -0.649303 0.730682
-0.127929 -0.670625 0.730682
-0.0428682 -0.681371 0.730682
0.0428682 -0.681371 0.730682
0.127929 -0.670625 0.730682
0.210971 -0.649303 0.730682
0.290687 -0.617742 0.730682
0.365818 -0.576438 0.730682
0.435181 -0.526043 0.730682
0.49768 -0.467352 0.730682
0.55233 -0.401291 0.730682
0.59827 -0.328902 0.730682
0.634775 -0.251325 0.730682
0.661269 -0.169785 0.730682
0.677334 -0.0855672 0.730682
0.692523 0 0.721395
0.687063 0.0867962 0.721395
0.670767 0.172224 0.721395
0.643892 0.254935 0.721395
0.606863 0.333626 0.721395
0.560263 0.407055 0.721395
0.504828 0.474065 0.721395
0.441431 0.533599 0.721395
0.371073 0.584717 0.721395
0.294862 0.626614 0.721395
0.214002 0.658629 0.721395
0.129766 0.680257 0.721395
0.0434839 0.691157 0.721395
-0.0434839 0.691157 0.721395
-0.129766 0.680257 0.721395
-0.214002 0.658629 0.721395
-0.294862 0.626614 0.721395
-0.371073 0.584717 0.721395
-0.441431 0.533599 0.721395
-0.504828 0.474065 0.721395
-0.560263 0.407055 0.721395
-0.606863 0.333626 0.721395
-0.643892 0.254935 0.721395
-0.670767 0.172224 0.721395
-0.687063 0.0867962 0.721395
-0.692523 8.48097e-17 0.721395
-0.687063 -0.0867962 0.721395
-0.670767 -0.172224 0.721395
-0.643892 -0.254935 0.721395
-0.606863 -0.333626 0.721395
-0.560263 -0.407055 0.721395
-0.504828 -0.474065 0.721395
-0.441431 -0.533599 0.721395
-0.371073 -0.584717 0.721395
-0.294862 -0.626614 0.721395
-0.214002 -0.658629 0.721395
-0.129766 -0.680257 0.721395
-0.0434839 -0.691157 0.721395
0.0434839 -0.691157 0.721395
0.129766 -0.680257 0.721395
0.214002 -0.658629 0.721395
0.294862 -0.626614 0.721395
0.371073 -0.584717 0.721395
0.441431 -0.533599 0.721395
0.504828 -0.474065 0.721395
0.560263 -0.407055 0.721395
0.606863 -0.333626 0.721395
0.643892 -0.254935 0.721395
0.670767 -0.172224 0.721395
0.687063 -0.0867962 0.721395
0.702069 0 0.712109
0.696533 0.0879926 0.712109
0.680013 0.174598 0.712109
0.652768 0.258449 0.712109
0.615228 0.338225 0.712109
0.567986 0.412666 0.712109
0.511787 0.4806 0.712109
0.447516 0.540954 0.712109
0.376188 0.592777 0.712109
0.298927 0.635251 0.712109
0.216951 0.667708 0.712109
0.131555 0.689634 0.712109
0.0440833 0.700684 0.712109
-0.0440833 0.700684 0.712109
-0.131555 0.689634 0.712109
-0.216951 0.667708 0.712109
-0.298927 0.635251 0.712109
-0.376188 0.592777 0.712109
-0.447516 0.540954 0.712109
-0.511787 0.4806 0.712109
-0.567986 0.412666 0.712109
-0.615228 0.338225 0.712109
-0.652768 0.258449 0.712109
-0.680013 0.174598 0.712109
-0.696533 0.0879926 0.712109
-0.702069 8.59787e-17 0.712109
-0.696533 -0.0879926 0.712109
-0.680013 -0.174598 0.712109
-0.652768 -0.258449 0.712109
-0.615228 -0.338225 0.712109
-0.567986 -0.412666 0.712109
-0.511787 -0.4806 0.712109
-0.447516 -0.540954 0.712109
-0.376188 -0.592777 0.712109
-0.298927 -0.635251 0.712109
-0.216951 -0.667708 0.712109
-0.131555 -0.689634 0.712109
-0.0440833 -0.700684 0.712109
0.0440833 -0.700684 0.712109
0.131555 -0.689634 0.712109
0.216951 -0.667708 0.712109
0.298927 -0.635251 0.712109
0.376188 -0.592777 0.712109
0.447516 -0.540954 0.712109
0.511787 -0.4806 0.712109
0.567986 -0.412666 0.712109
0.615228 -0.338225 0.712109
0.652768 -0.258449 0.712109
0.680013 -0.174598 0.712109
0.696533 -0.0879926 0.712109
0.711366 0 0.702822
0.705757 0.0891578 0.702822
0.689017 0.17691 0.702822
0.661411 0.261871 0.702822
0.623375 0.342703 0.702822
0.575507 0.41813 0.702822
0.518564 0.486964 0.702822
0.453442 0.548117 0.702822
0.381169 0.600626 0.702822
0.302885 0.643663 0.702822
0.219824 0.676549 0.702822
0.133297 0.698766 0.702822
0.044667 0.709962 0.702822
-0.044667 0.709962 0.702822
-0.133297 0.698766 0.702822
-0.219824 0.676549 0.702822
-0.302885 0.643663 0.702822
-0.381169 0.600626 0.702822
-0.453442 0.548117 0.702822
-0.518564 0.486964 0.702822
-0.575507 0.41813 0.702822
-0.623375 0.342703 0.702822
-0.661411 0.261871 0.702822
-0.689017 0.17691 0.702822
-0.705757 0.0891578 0.702822
-0.711366 8.71172e-17 0.702822
-0.705757 -0.0891578 0.702822
-0.689017 -0.17691 0.702822
-0.661411 -0.261871 0.702822
-0.623375 -0.342703 0.702822
-0.575507 -0.41813 0.702822
-0.518564 -0.486964 0.702822
-0.453442 -0.548117 0.702822
-0.381169 -0.600626 0.702822
-0.302885 -0.643663 0.702822
-0.219824 -0.676549 0.702822
-0.133297 -0.698766 0.702822
-0.044667 -0.709962 0.702822
0.044667 -0.709962 0.702822
0.133297 -0.698766 0.702822
0.219824 -0.676549 0.702822
0.302885 -0.643663 0.702822
0.381169 -0.600626 0.702822
0.453442 -0.548117 0.702822
0.518564 -0.486964 0.702822
0.575507 -0.41813 0.702822
0.623375 -0.342703 0.702822
0.661411 -0.261871 0.702822
0.689017 -0.17691 0.702822
0.705757 -0.0891578 0.702822
0.720423 0 0.693535
0.714742 0.090293 0.693535
0.69779 0.179162 0.693535
0.669832 0.265205 0.693535
0.631312 0.347066 0.693535
0.582834 0.423454 0.693535
0.525166 0.493164 0.693535
0.459215 0.555096 0.693535
0.386022 0.608273 0.693535
0.306741 0.651858 0.693535
0.222623 0.685163 0.693535
0.134994 0.707662 0.693535
0.0452357 0.719001 0.693535
-0.0452357 0.719001 0.693535
-0.134994 0.707662 0.693535
-0.222623 0.685163 0.693535
-0.306741 0.651858 0.693535
-0.386022 0.608273 0.693535
-0.459215 0.555096 0.693535
-0.525166 0.493164 0.693535
-0.582834 0.423454 0.693535
-0.631312 0.347066 0.693535
-0.669832 0.265205 0.693535
-0.69779 0.179162 0.693535
-0.714742 0.090293 0.693535
-0.720423 8.82264e-17 0.693535
-0.714742 -0.090293 0.693535
-0.69779 -0.179162 0.693535
-0.669832 -0.265205 0.693535
-0.631312 -0.347066 0.693535
-0.582834 -0.423454 0.693535
-0.525166 -0.493164 0.693535
-0.459215 -0.555096 0.693535
-0.386022 -0.608273 0.693535
-0.306741 -0.651858 0.693535
-0.222623 -0.685163 0.693535
-0.134994 -0.707662 0.693535
-0.0452357 -0.719001 0.693535
0.0452357 -0.719001 0.693535
0.134994 -0.707662 0.693535
0.222623 -0.685163 0.693535
0.306741 -0.651858 0.693535
0.386022 -0.608273 0.693535
0.459215 -0.555096 0.693535
0.525166 -0.493164 0.693535
0.582834 -0.423454 0.693535
0.631312 -0.347066 0.693535
0.669832 -0.265205 0.693535
0.69779 -0.179162 0.693535
0.714742 -0.090293 0.693535
0.729249 0 0.684248
0.723499 0.0913992 0.684248
0.706339 0.181357 0.684248
0.678039 0.268455 0.684248
0.639046 0.351319 0.684248
0.589975 0.428642 0.684248
0.5316 0.499206 0.684248
0.464841 0.561896 0.684248
0.390751 0.615726 0.684248
0.310499 0.659845 0.684248
0.22535 0.693557 0.684248
0.136648 0.716332 0.684248
0.0457899 0.72781 0.684248
-0.0457899 0.72781 0.684248
-0.136648 0.716332 0.684248
-0.22535 0.693557 0.684248
-0.310499 0.659845 0.684248
-0.390751 0.615726 0.684248
-0.464841 0.561896 0.684248
-0.5316 0.499206 0.684248
-0.589975 0.428642 0.684248
-0.639046 0.351319 0.684248
-0.678039 0.268455 0.684248
-0.706339 0.181357 0.684248
-0.723499 0.0913992 0.684248
-0.729249 8.93073e-17 0.684248
-0.723499 -0.0913992 0.684248
-0.706339 -0.181357 0.684248
-0.678039 -0.268455 0.684248
-0.639046 -0.351319 0.684248
-0.589975 -0.428642 0.684248
-0.5316 -0.499206 0.684248
-0.464841 -0.561896 0.684248
-0.390751 -0.615726 0.684248
-0.310499 -0.659845 0.684248
-0.22535 -0.693557 0.684248
-0.136648 -0.716332 0.684248
-0.0457899 -0.72781 0.684248
0.0457899 -0.72781 0.684248
0.136648 -0.716332 0.684248
0.22535 -0.693557 0.684248
0.310499 -0.659845 0.684248
0.390751 -0.615726 0.684248
0.464841 -0.561896 0.684248
0.5316 -0.499206 0.684248
0.589975 -0.428642 0.684248
0.639046 -0.351319 0.684248
0.678039 -0.268455 0.684248
0.706339 -0.181357 0.684248
0.723499 -0.0913992 0.684248
0.737853 0 0.674961
0.732035 0.0924775 0.674961
0.714672 0.183497 0.674961
0.686039 0.271622 0.674961
0.646586 0.355463 0.674961
0.596936 0.433699 0.674961
0.537872 0.505095 0.674961
0.470325 0.568526 0.674961
0.395362 0.62299 0.674961
0.314163 0.66763 0.674961
0.228009 0.70174 0.674961
0.13826 0.724784 0.674961
0.0463302 0.736397 0.674961
-0.0463302 0.736397 0.674961
-0.13826 0.724784 0.674961
-0.228009 0.70174 0.674961
-0.314163 0.66763 0.674961
-0.395362 0.62299 0.674961
-0.470325 0.568526 0.674961
-0.537872 0.505095 0.674961
-0.596936 0.433699 0.674961
-0.646586 0.355463 0.674961
-0.686039 0.271622 0.674961
-0.714672 0.183497 0.674961
-0.732035 0.0924775 0.674961
-0.737853 9.0361e-17 0.674961
-0.732035 -0.0924775 0.674961
-0.714672 -0.183497 0.674961
-0.686039 -0.271622 0.674961
-0.646586 -0.355463 0.674961
-0.596936 -0.433699 0.674961
-0.537872 -0.505095 0.674961
-0.470325 -0.568526 0.674961
-0.395362 -0.62299 0.674961
-0.314163 -0.66763 0.674961
-0.228009 -0.70174 0.674961
-0.13826 -0.724784 0.674961
-0.0463302 -0.736397 0.674961
0.0463302 -0.736397 0.674961
0.13826 -0.724784 0.674961
0.228009 -0.70174 0.674961
0.314163 -0.66763 0.674961
0.395362 -0.62299 0.674961
0.470325 -0.568526 0.674961
0.537872 -0.505095 0.674961
0.596936 -0.433699 0.674961
0.646586 -0.355463 0.674961
0.686039 -0.271622 0.674961
0.714672 -0.183497 0.674961
0.732035 -0.0924775 0.674961
0.746242 0 0.665674
0.740358 0.093529 0.665674
0.722798 0.185583 0.665674
0.693839 0.27471 0.665674
0.653937 0.359505 0.665674
0.603723 0.43863 0.665674
0.543987 0.510838 0.665674
0.475673 0.57499 0.665674
0.399857 0.630073 0.665674
0.317735 0.67522 0.665674
0.230602 0.709719 0.665674
0.139832 0.733024 0.665674
0.0468569 0.74477 0.665674
-0.0468569 0.74477 0.665674
-0.139832 0.733024 0.665674
-0.230602 0.709719 0.665674
-0.317735 0.67522 0.665674
-0.399857 0.630073 0.665674
-0.475673 0.57499 0.665674
-0.543987 0.510838 0.665674
-0.603723 0.43863 0.665674
-0.653937 0.359505 0.665674
-0.693839 0.27471 0.665674
-0.722798 0.185583 0.665674
-0.740358 0.093529 0.665674
-0.746242 9.13883e-17 0.665674
-0.740358 -0.093529 0.665674
-0.722798 -0.185583 0.665674
-0.693839 -0.27471 0.665674
-0.653937 -0.359505 0.665674
-0.603723 -0.43863 0.665674
-0.543987 -0.510838 0.665674
-0.475673 -0.57499 0.665674
-0.399857 -0.630073 0.665674
-0.317735 -0.67522 0.665674
-0.230602 -0.709719 0.665674
-0.139832 -0.733024 0.665674
-0.0468569 -0.74477 0.665674
0.0468569 -0.74477 0.665674
0.139832 -0.733024 0.665674
0.230602 -0.709719 0.665674
0.317735 -0.67522 0.665674
0.399857 -0.630073 0.665674
0.475673 -0.57499 0.665674
0.543987 -0.510838 0.665674
0.603723 -0.43863 0.665674
0.653937 -0.359505 0.665674
0.693839 -0.27471 0.665674
0.722798 -0.185583 0.665674
0.740358 -0.093529 0.665674
0.754424 0 0.656388
0.748475 0.0945544 0.656388
0.730722 0.187618 0.656388
0.701446 0.277722 0.656388
0.661107 0.363446 0.656388
0.610342 0.443439 0.656388
0.549951 0.516439 0.656388
0.480888 0.581294 0.656388
0.404241 0.636981 0.656388
0.321218 0.682623 0.656388
0.23313 0.7175 0.656388
0.141365 0.741061 0.656388
0.0473707 0.752935 0.656388
-0.0473707 0.752935 0.656388
-0.141365 0.741061 0.656388
-0.23313 0.7175 0.656388
-0.321218 0.682623 0.656388
-0.404241 0.636981 0.656388
-0.480888 0.581294 0.656388
-0.549951 0.516439 0.656388
-0.610342 0.443439 0.656388
-0.661107 0.363446 0.656388
-0.701446 0.277722 0.656388
-0.730722 0.187618 0.656388
-0.748475 0.0945544 0.656388
-0.754424 9.23903e-17 0.656388
-0.748475 -0.0945544 0.656388
-0.730722 -0.187618 0.656388
-0.701446 -0.277722 0.656388
-0.661107 -0.363446 0.656388
-0.610342 -0.443439 0.656388
-0.549951 -0.516439 0.656388
-0.480888 -0.581294 0.656388
-0.404241 -0.636981 0.656388
-0.321218 -0.682623 0.656388
-0.23313 -0.7175 0.656388
-0.141365 -0.741061 0.656388
-0.0473707 -0.752935 0.656388
0.0473707 -0.752935 0.656388
0.141365 -0.741061 0.656388
0.23313 -0.7175 0.656388
0.321218 -0.682623 0.656388
0.404241 -0.636981 0.656388
0.480888 -0.581294 0.656388
0.549951 -0.516439 0.656388
0.610342 -0.443439 0.656388
0.661107 -0.363446 0.656388
0.701446 -0.277722 0.656388
0.730722 -0.187618 0.656388
0.748475 -0.0945544 0.656388
0.762404 0 0.647101
0.756393 0.0955546 0.647101
0.738452 0.189602 0.647101
0.708866 0.28066 0.647101
0.6681 0.367291 0.647101
0.616798 0.44813 0.647101
0.555769 0.521902 0.647101
0.485975 0.587443 0.647101
0.408517 0.643719 0.647101
0.324616 0.689844 0.647101
0.235596 0.72509 0.647101
0.14286 0.7489 0.647101
0.0478718 0.7609 0.647101
-0.0478718 0.7609 0.647101
-0.14286 0.7489 0.647101
-0.235596 0.72509 0.647101
-0.324616 0.689844 0.647101
-0.408517 0.643719 0.647101
-0.485975 0.587443 0.647101
-0.555769 0.521902 0.647101
-0.616798 0.44813 0.647101
-0.6681 0.367291 0.647101
-0.708866 0.28066 0.647101
-0.738452 0.189602 0.647101
-0.756393 0.0955546 0.647101
-0.762404 9.33676e-17 0.647101
-0.756393 -0.0955546 0.647101
-0.738452 -0.189602 0.647101
-0.708866 -0.28066 0.647101
-0.6681 -0.367291 0.647101
-0.616798 -0.44813 0.647101
-0.555769 -0.521902 0.647101
-0.485975 -0.587443 0.647101
-0.408517 -0.643719 0.647101
-0.324616 -0.689844 0.647101
-0.235596 -0.72509 0.647101
-0.14286 -0.7489 0.647101
-0.0478718 -0.7609 0.647101
0.0478718 -0.7609 0.647101
0.14286 -0.7489 0.647101
0.235596 -0.72509 0.647101
0.324616 -0.689844 0.647101
0.408517 -0.643719 0.647101
0.485975 -0.587443 0.647101
0.555769 -0.521902 0.647101
0.616798 -0.44813 0.647101
0.6681 -0.367291 0.647101
0.708866 -0.28066 0.647101
0.738452 -0.189602 0.647101
0.756393 -0.0955546 0.647101
0.77019 0 0.637814
0.764117 0.0965305 0.637814
0.745994 0.191539 0.637814
0.716105 0.283526 0.637814
0.674923 0.371042 0.637814
0.623097 0.452707 0.637814
0.561445 0.527232 0.637814
0.490938 0.593442 0.637814
0.412689 0.650293 0.637814
0.327931 0.696889 0.637814
0.238002 0.732495 0.637814
0.144319 0.756548 0.637814
0.0483607 0.768671 0.637814
-0.0483607 0.768671 0.637814
-0.144319 0.756548 0.637814
-0.238002 0.732495 0.637814
-0.327931 0.696889 0.637814
-0.412689 0.650293 0.637814
-0.490938 0.593442 0.637814
-0.561445 0.527232 0.637814
-0.623097 0.452707 0.637814
-0.674923 0.371042 0.637814
-0.716105 0.283526 0.637814
-0.745994 0.191539 0.637814
-0.764117 0.0965305 0.637814
-0.77019 9.43211e-17 0.637814
-0.764117 -0.0965305 0.637814
-0.745994 -0.191539 0.637814
-0.716105 -0.283526 0.637814
-0.674923 -0.371042 0.637814
-0.623097 -0.452707 0.637814
-0.561445 -0.527232 0.637814
-0.490938 -0.593442 0.637814
-0.412689 -0.650293 0.637814
-0.327931 -0.696889 0.637814
-0.238002 -0.732495 0.637814
-0.144319 -0.756548 0.637814
-0.0483607 -0.768671 0.637814
0.0483607 -0.768671 0.637814
0.144319 -0.756548 0.637814
0.238002 -0.732495 0.637814
0.327931 -0.696889 0.637814
0.412689 -0.650293 0.637814
0.490938 -0.593442 0.637814
0.561445 -0.527232 0.637814
0.623097 -0.452707 0.637814
0.674923 -0.371042 0.637814
0.716105 -0.283526 0.637814
0.745994 -0.191539 0.637814
0.764117 -0.0965305 0.637814
0.777788 0 0.628527
0.771655 0.0974826 0.628527
0.753352 0.193428 0.628527
0.723169 0.286323 0.628527
0.681581 0.374702 0.628527
0.629243 0.457172 0.628527
0.566983 0.532432 0.628527
0.495781 0.599296 0.628527
0.416759 0.656708 0.628527
0.331166 0.703763 0.628527
0.24035 0.73972 0.628527
0.145743 0.764011 0.628527
0.0488377 0.776253 0.628527
-0.0488377 0.776253 0.628527
-0.145743 0.764011 0.628527
-0.24035 0.73972 0.628527
-0.331166 0.703763 0.628527
-0.416759 0.656708 0.628527
-0.495781 0.599296 0.628527
-0.566983 0.532432 0.628527
-0.629243 0.457172 0.628527
-0.681581 0.374702 0.628527
-0.723169 0.286323 0.628527
-0.753352 0.193428 0.628527
-0.771655 0.0974826 0.628527
-0.777788 9.52515e-17 0.628527
-0.771655 -0.0974826 0.628527
-0.753352 -0.193428 0.628527
-0.723169 -0.286323 0.628527
-0.681581 -0.374702 0.628527
-0.629243 -0.457172 0.628527
-0.566983 -0.532432 0.628527
-0.495781 -0.599296 0.628527
-0.416759 -0.656708 0.628527
-0.331166 -0.703763 0.628527
-0.24035 -0.73972 0.628527
-0.145743 -0.764011 0.628527
-0.0488377 -0.776253 0.628527
0.0488377 -0.776253 0.628527
0.145743 -0.764011 0.628527
0.24035 -0.73972 0.628527
0.331166 -0.703763 0.628527
0.416759 -0.656708 0.628527
0.495781 -0.599296 0.628527
0.566983 -0.532432 0.628527
0.629243 -0.457172 0.628527
0.681581 -0.374702 0.628527
0.723169 -0.286323 0.628527
0.753352 -0.193428 0.628527
0.771655 -0.0974826 0.628527
0.785202 0 0.61924
0.77901 0.0984118 0.61924
0.760533 0.195272 0.61924
0.730062 0.289052 0.61924
0.688077 0.378274 0.61924
0.635241 0.46153 0.61924
0.572387 0.537507 0.61924
0.500506 0.605008 0.61924
0.420732 0.662968 0.61924
0.334323 0.710472 0.61924
0.242641 0.746771 0.61924
0.147132 0.771293 0.61924
0.0493032 0.783652 0.61924
-0.0493032 0.783652 0.61924
-0.147132 0.771293 0.61924
-0.242641 0.746771 0.61924
-0.334323 0.710472 0.61924
-0.420732 0.662968 0.61924
-0.500506 0.605008 0.61924
-0.572387 0.537507 0.61924
-0.635241 0.46153 0.61924
-0.688077 0.378274 0.61924
-0.730062 0.289052 0.61924
-0.760533 0.195272 0.61924
-0.77901 0.0984118 0.61924
-0.785202 9.61595e-17 0.61924
-0.77901 -0.0984118 0.61924
-0.760533 -0.195272 0.61924
-0.730062 -0.289052 0.61924
-0.688077 -0.378274 0.61924
-0.635241 -0.46153 0.61924
-0.572387 -0.537507 0.61924
-0.500506 -0.605008 0.61924
-0.420732 -0.662968 0.61924
-0.334323 -0.710472 0.61924
-0.242641 -0.746771 0.61924
-0.147132 -0.771293 0.61924
-0.0493032 -0.783652 0.61924
0.0493032 -0.783652 0.61924
0.147132 -0.771293 0.61924
0.242641 -0.746771 0.61924
0.334323 -0.710472 0.61924
0.420732 -0.662968 0.61924
0.500506 -0.605008 0.61924
0.572387 -0.537507 0.61924
0.635241 -0.46153 0.61924
0.688077 -0.378274 0.61924
0.730062 -0.289052 0.61924
0.760533 -0.195272 0.61924
0.77901 -0.0984118 0.61924
0.792437 0 0.609953
0.786189 0.0993187 0.609953
0.767541 0.197071 0.609953
0.73679 0.291716 0.609953
0.694418 0.38176 0.609953
0.641095 0.465783 0.609953
0.577662 0.542461 0.609953
0.505119 0.610583 0.609953
0.424609 0.669077 0.609953
0.337403 0.717019 0.609953
0.244877 0.753653 0.609953
0.148488 0.778401 0.609953
0.0497575 0.790874 0.609953
-0.0497575 0.790874 0.609953
-0.148488 0.778401 0.609953
-0.244877 0.753653 0.609953
-0.337403 0.717019 0.609953
-0.424609 0.669077 0.609953
-0.505119 0.610583 0.609953
-0.577662 0.542461 0.609953
-0.641095 0.465783 0.609953
-0.694418 0.38176 0.609953
-0.73679 0.291716 0.609953
-0.767541 0.197071 0.609953
-0.786189 0.0993187 0.609953
-0.792437 9.70456e-17 0.609953
-0.786189 -0.0993187 0.609953
-0.767541 -0.197071 0.609953
-0.73679 -0.291716 0.609953
-0.694418 -0.38176 0.609953
-0.641095 -0.465783 0.609953
-0.577662 -0.542461 0.609953
-0.505119 -0.610583 0.609953
-0.424609 -0.669077 0.609953
-0.337403 -0.717019 0.609953
-0.244877 -0.753653 0.609953
-0.148488 -0.778401 0.609953
-0.0497575 -0.790874 0.609953
0.0497575 -0.790874 0.609953
0.148488 -0.778401 0.609953
0.244877 -0.753653 0.609953
0.337403 -0.717019 0.609953
0.424609 -0.669077 0.609953
0.505119 -0.610583 0.609953
0.577662 -0.542461 0.609953
0.641095 -0.465783 0.609953
0.694418 -0.38176 0.609953
0.73679 -0.291716 0.609953
0.767541 -0.197071 0.609953
0.786189 -0.0993187 0.609953
0.7995 0 0.600667
0.793195 0.100204 0.600667
0.774382 0.198827 0.600667
0.743356 0.294315 0.600667
0.700607 0.385162 0.600667
0.646809 0.469934 0.600667
0.58281 0.547295 0.600667
0.50962 0.616025 0.600667
0.428393 0.67504 0.600667
0.34041 0.723409 0.600667
0.247059 0.760369 0.600667
0.149811 0.785338 0.600667
0.050201 0.797922 0.600667
-0.050201 0.797922 0.600667
-0.149811 0.785338 0.600667
-0.247059 0.760369 0.600667
-0.34041 0.723409 0.600667
-0.428393 0.67504 0.600667
-0.50962 0.616025 0.600667
-0.58281 0.547295 0.600667
-0.646809 0.469934 0.600667
-0.700607 0.385162 0.600667
-0.743356 0.294315 0.600667
-0.774382 0.198827 0.600667
-0.793195 0.100204 0.600667
-0.7995 9.79105e-17 0.600667
-0.793195 -0.100204 0.600667
-0.774382 -0.198827 0.600667
-0.743356 -0.294315 0.600667
-0.700607 -0.385162 0.600667
-0.646809 -0.469934 0.600667
-0.58281 -0.547295 0.600667
-0.50962 -0.616025 0.600667
-0.428393 -0.67504 0.600667
-0.34041 -0.723409 0.600667
-0.247059 -0.760369 0.600667
-0.149811 -0.785338 0.600667
-0.050201 -0.797922 0.600667
0.050201 -0.797922 0.600667
0.149811 -0.785338 0.600667
0.247059 -0.760369 0.600667
0.34041 -0.723409 0.600667
0.428393 -0.67504 0.600667
0.50962 -0.616025 0.600667
0.58281 -0.547295 0.600667
0.646809 -0.469934 0.600667
0.700607 -0.385162 0.600667
0.743356 -0.294315 0.600667
0.774382 -0.198827 0.600667
0.793195 -0.100204 0.600667
0.806393 0 0.59138
0.800034 0.101068 0.59138
0.781059 0.200542 0.59138
0.749765 0.296853 0.59138
0.706648 0.388483 0.59138
0.652386 0.473986 0.59138
0.587835 0.552014 0.59138
0.514014 0.621337 0.59138
0.432087 0.68086 0.59138
0.343346 0.729646 0.59138
0.249189 0.766925 0.59138
0.151103 0.79211 0.59138
0.0506338 0.804802 0.59138
-0.0506338 0.804802 0.59138
-0.151103 0.79211 0.59138
-0.249189 0.766925 0.59138
-0.343346 0.729646 0.59138
-0.432087 0.68086 0.59138
-0.514014 0.621337 0.59138
-0.587835 0.552014 0.59138
-0.652386 0.473986 0.59138
-0.706648 0.388483 0.59138
-0.749765 0.296853 0.59138
-0.781059 0.200542 0.59138
-0.800034 0.101068 0.59138
-0.806393 9.87547e-17 0.59138
-0.800034 -0.101068 0.59138
-0.781059 -0.200542 0.59138
-0.749765 -0.296853 0.59138
-0.706648 -0.388483 0.59138
-0.652386 -0.473986 0.59138
-0.587835 -0.552014 0.59138
-0.514014 -0.621337 0.59138
-0.432087 -0.68086 0.59138
-0.343346 -0.729646 0.59138
-0.249189 -0.766925 0.59138
-0.151103 -0.79211 0.59138
-0.0506338 -0.804802 0.59138
0.0506338 -0.804802 0.59138
0.151103 -0.79211 0.59138
0.249189 -0.766925 0.59138
0.343346 -0.729646 0.59138
0.432087 -0.68086 0.59138
0.514014 -0.621337 0.59138
0.587835 -0.552014 0.59138
0.652386 -0.473986 0.59138
0.706648 -0.388483 0.59138
0.749765 -0.296853 0.59138
0.781059 -0.200542 0.59138
0.800034 -0.101068 0.59138
0.813122 0 0.582093
0.806711 0.101911 0.582093
0.787576 0.202215 0.582093
0.756022 0.29933 0.582093
0.712544 0.391725 0.582093
0.65783 0.477941 0.582093
0.592741 0.55662 0.582093
0.518304 0.626521 0.582093
0.435693 0.686542 0.582093
0.346211 0.735735 0.582093
0.251269 0.773325 0.582093
0.152364 0.79872 0.582093
0.0510564 0.811518 0.582093
-0.0510564 0.811518 0.582093
-0.152364 0.79872 0.582093
-0.251269 0.773325 0.582093
-0.346211 0.735735 0.582093
-0.435693 0.686542 0.582093
-0.518304 0.626521 0.582093
-0.592741 0.55662 0.582093
-0.65783 0.477941 0.582093
-0.712544 0.391725 0.582093
-0.756022 0.29933 0.582093
-0.787576 0.202215 0.582093
-0.806711 0.101911 0.582093
-0.813122 9.95788e-17 0.582093
-0.806711 -0.101911 0.582093
-0.787576 -0.202215 0.582093
-0.756022 -0.29933 0.582093
-0.712544 -0.391725 0.582093
-0.65783 -0.477941 0.582093
-0.592741 -0.55662 0.582093
-0.518304 -0.626521 0.582093
-0.435693 -0.686542 0.582093
-0.346211 -0.735735 0.582093
-0.251269 -0.773325 0.582093
-0.152364 -0.79872 0.582093
-0.0510564 -0.811518 0.582093
0.0510564 -0.811518 0.582093
0.152364 -0.79872 0.582093
0.251269 -0.773325 0.582093
0.346211 -0.735735 0.582093
0.435693 -0.686542 0.582093
0.518304 -0.626521 0.582093
0.592741 -0.55662 0.582093
0.65783 -0.477941 0.582093
0.712544 -0.391725 0.582093
0.756022 -0.29933 0.582093
0.787576 -0.202215 0.582093
0.806711 -0.101911 0.582093
0.819691 0 0.572806
0.813227 0.102735 0.572806
0.793939 0.203849 0.572806
0.762129 0.301748 0.572806
0.718301 0.394889 0.572806
0.663144 0.481802 0.572806
0.597529 0.561117 0.572806
0.522491 0.631583 0.572806
0.439212 0.692088 0.572806
0.349007 0.741678 0.572806
0.253298 0.779572 0.572806
0.153595 0.805172 0.572806
0.0514688 0.818073 0.572806
-0.0514688 0.818073 0.572806
-0.153595 0.805172 0.572806
-0.253298 0.779572 0.572806
-0.349007 0.741678 0.572806
-0.439212 0.692088 0.572806
-0.522491 0.631583 0.572806
-0.597529 0.561117 0.572806
-0.663144 0.481802 0.572806
-0.718301 0.394889 0.572806
-0.762129 0.301748 0.572806
-0.793939 0.203849 0.572806
-0.813227 0.102735 0.572806
-0.819691 1.00383e-16 0.572806
-0.813227 -0.102735 0.572806
-0.793939 -0.203849 0.572806
-0.762129 -0.301748 0.572806
-0.718301 -0.394889 0.572806
-0.663144 -0.481802 0.572806
-0.597529 -0.561117 0.572806
-0.522491 -0.631583 0.572806
-0.439212 -0.692088 0.572806
-0.349007 -0.741678 0.572806
-0.253298 -0.779572 0.572806
-0.153595 -0.805172 0.572806
-0.0514688 -0.818073 0.572806
0.0514688 -0.818073 0.572806
0.153595 -0.805172 0.572806
0.253298 -0.779572 0.572806
0.349007 -0.741678 0.572806
0.439212 -0.692088 0.572806
0.522491 -0.631583 0.572806
0.597529 -0.561117 0.572806
0.663144 -0.481802 0.572806
0.718301 -0.394889 0.572806
0.762129 -0.301748 0.572806
0.793939 -0.203849 0.572806
0.813227 -0.102735 0.572806
0.826103 0 0.563519
0.819589 0.103538 0.563519
0.800149 0.205443 0.563519
0.768091 0.304109 0.563519
0.723919 0.397978 0.563519
0.668331 0.485571 0.563519
0.602203 0.565506 0.563519
0.526578 0.636523 0.563519
0.442648 0.697502 0.563519
0.351737 0.74748 0.563519
0.25528 0.785671 0.563519
0.154796 0.81147 0.563519
0.0518714 0.824473 0.563519
-0.0518714 0.824473 0.563519
-0.154796 0.81147 0.563519
-0.25528 0.785671 0.563519
-0.351737 0.74748 0.563519
-0.442648 0.697502 0.563519
-0.526578 0.636523 0.563519
-0.602203 0.565506 0.563519
-0.668331 0.485571 0.563519
-0.723919 0.397978 0.563519
-0.768091 0.304109 0.563519
-0.800149 0.205443 0.563519
-0.819589 0.103538 0.563519
-0.826103 1.01168e-16 0.563519
-0.819589 -0.103538 0.563519
-0.800149 -0.205443 0.563519
-0.768091 -0.304109 0.563519
-0.723919 -0.397978 0.563519
-0.668331 -0.485571 0.563519
-0.602203 -0.565506 0.563519
-0.526578 -0.636523 0.563519
-0.442648 -0.697502 0.563519
-0.351737 -0.74748 0.563519
-0.25528 -0.785671 0.563519
-0.154796 -0.81147 0.563519
-0.0518714 -0.824473 0.563519
0.0518714 -0.824473 0.563519
0.154796 -0.81147 0.563519
0.25528 -0.785671 0.563519
0.351737 -0.74748 0.563519
0.442648 -0.697502 0.563519
0.526578 -0.636523 0.563519
0.602203 -0.565506 0.563519
0.668331 -0.485571 0.563519
0.723919 -0.397978 0.563519
0.768091 -0.304109 0.563519
0.800149 -0.205443 0.563519
0.819589 -0.103538 0.563519
0.832362 0 0.554233
0.825798 0.104323 0.554233
0.806212 0.207 0.554233
0.773911 0.306413 0.554233
0.729404 0.400993 0.554233
0.673395 0.48925 0.554233
0.606766 0.569791 0.554233
0.530567 0.641346 0.554233
0.446002 0.702786 0.554233
0.354402 0.753144 0.554233
0.257214 0.791623 0.554233
0.155969 0.817618 0.554233
0.0522644 0.830719 0.554233
-0.0522644 0.830719 0.554233
-0.155969 0.817618 0.554233
-0.257214 0.791623 0.554233
-0.354402 0.753144 0.554233
-0.446002 0.702786 0.554233
-0.530567 0.641346 0.554233
-0.606766 0.569791 0.554233
-0.673395 0.48925 0.554233
-0.729404 0.400993 0.554233
-0.773911 0.306413 0.554233
-0.806212 0.207 0.554233
-0.825798 0.104323 0.554233
-0.832362 1.01935e-16 0.554233
-0.825798 -0.104323 0.554233
-0.806212 -0.207 0.554233
-0.773911 -0.306413 0.554233
-0.729404 -0.400993 0.554233
-0.673395 -0.48925 0.554233
-0.606766 -0.569791 0.554233
-0.530567 -0.641346 0.554233
-0.446002 -0.702786 0.554233
-0.354402 -0.753144 0.554233
-0.257214 -0.791623 0.554233
-0.155969 -0.817618 0.554233
-0.0522644 -0.830719 0.554233
0.0522644 -0.830719 0.554233
0.155969 -0.817618 0.554233
0.257214 -0.791623 0.554233
0.354402 -0.753144 0.554233
0.446002 -0.702786 0.554233
0.530567 -0.641346 0.554233
0.606766 -0.569791 0.554233
0.673395 -0.48925 0.554233
0.729404 -0.400993 0.554233
0.773911 -0.306413 0.554233
0.806212 -0.207 0.554233
0.825798 -0.104323 0.554233
0.838471 0 0.544946
0.83186 0.105088 0.544946
0.812129 0.208519 0.544946
0.779591 0.308662 0.544946
0.734758 0.403937 0.544946
0.678338 0.492841 0.544946
0.611219 0.573973 0.544946
0.534462 0.646053 0.544946
0.449275 0.707945 0.544946
0.357004 0.758672 0.544946
0.259102 0.797434 0.544946
0.157114 0.82362 0.544946
0.0526481 0.836817 0.544946
-0.0526481 0.836817 0.544946
-0.157114 0.82362 0.544946
-0.259102 0.797434 0.544946
-0.357004 0.758672 0.544946
-0.449275 0.707945 0.544946
-0.534462 0.646053 0.544946
-0.611219 0.573973 0.544946
-0.678338 0.492841 0.544946
-0.734758 0.403937 0.544946
-0.779591 0.308662 0.544946
-0.812129 0.208519 0.544946
-0.83186 0.105088 0.544946
-0.838471 1.02683e-16 0.544946
-0.83186 -0.105088 0.544946
-0.812129 -0.208519 0.544946
-0.779591 -0.308662 0.544946
-0.734758 -0.403937 0.544946
-0.678338 -0.492841 0.544946
-0.611219 -0.573973 0.544946
-0.534462 -0.646053 0.544946
-0.449275 -0.707945 0.544946
-0.357004 -0.758672 0.544946
-0.259102 -0.797434 0.544946
-0.157114 -0.82362 0.544946
-0.0526481 -0.836817 0.544946
0.0526481 -0.836817 0.544946
0.157114 -0.82362 0.544946
0.259102 -0.797434 0.544946
0.357004 -0.758672 0.544946
0.449275 -0.707945 0.544946
0.534462 -0.646053 0.544946
0.611219 -0.573973 0.544946
0.678338 -0.492841 0.544946
0.734758 -0.403937 0.544946
0.779591 -0.308662 0.544946
0.812129 -0.208519 0.544946
0.83186 -0.105088 0.544946
