-6.5465e-06 0.000796151 0.0004 

-5.15116e-06 0.00090472 0.0004 

1.19296e-05 0.000910321 0.0004 

4.64425e-05 -0.000706472 0.0004 

0.000183365 -0.00101009 0.0004 

-3.8209e-05 -0.00178163 0.0004 

9.32488e-05 -0.000609195 0.0004 

-2.31101e-05 0.000457523 0.0004 

0.00012888 -0.000243083 0.0004 

-0.00010267 -0.00146446 0.0004 

-8.4617e-05 -0.0022655 0.0004 

0.000123098 -0.0015613 0.0004 

-0.000114403 -0.000503162 0.0004 

-2.12647e-06 0.000415221 0.0004 

2.41995e-06 6.74717e-05 0.0004 

-0.000110806 0.000161011 0.0004 

0.000110856 -0.0012174 0.0004 

-0.000114918 0.000469683 0.0004 

6.48444e-05 0.000662503 0.0004 

7.03946e-05 9.81267e-05 0.0004 

0.000106649 0.0013294 0.0004 

3.22595e-05 0.000288876 0.0004 

3.21633e-05 -0.000170639 0.0004 

-5.80252e-05 -0.000255502 0.0004 

1.8132e-05 -0.00104191 0.0004 

0.000103411 6.82598e-05 0.0004 

-8.66582e-05 -0.00125908 0.0004 

2.8618e-05 0.00133192 0.0004 

5.74978e-05 0.000394051 0.0004 

-6.45721e-05 -0.00106774 0.0004 

1.77242e-06 -0.00154421 0.0004 

-1.08404e-05 -0.000591148 0.0004 

-0.000196946 0.00110542 0.0004 

4.95803e-05 -0.000531332 0.0004 

4.90348e-05 0.00104474 0.0004 

-0.000175766 0.00134611 0.0004 

5.90544e-05 -0.00043767 0.0004 

-0.00015616 0.00121214 0.0004 

3.18527e-05 -1.40339e-05 0.0004 

2.44059e-05 -0.000483415 0.0004 

3.45011e-05 0.000212594 0.0004 

2.76739e-05 -0.000699102 0.0004 

4.68035e-05 -0.000380777 0.0004 

0.000168938 0.00160648 0.0004 

-2.3666e-06 -0.000548722 0.0004 

-0.000143009 0.000690904 0.0004 

6.89867e-05 0.000157132 0.0004 

0.000135328 -0.00111145 0.0004 

-0.000106395 -0.000208164 0.0004 

2.41649e-05 0.00214307 0.0004 

-2.42176e-05 0.000276988 0.0004 

-0.000102344 0.000791601 0.0004 

5.2195e-05 0.000835736 0.0004 

-4.72695e-05 -0.000547759 0.0004 

-0.00012021 -0.00112483 0.0004 

3.10258e-05 -0.000597524 0.0004 

0.00017112 0.000129595 0.0004 

-0.000170994 0.000549819 0.0004 

-0.000133703 -0.00147059 0.0004 

-4.80954e-05 -0.000258949 0.0004 

-4.00666e-06 -0.000733881 0.0004 

-0.000235955 0.00128372 0.0004 

-7.1318e-06 0.0012666 0.0004 

-2.02315e-05 -0.000230281 0.0004 

-0.000111141 0.000335659 0.0004 

-0.000156155 -0.00139878 0.0004 

7.12534e-05 6.67163e-05 0.0004 

-2.06982e-05 -0.00189419 0.0004 

9.68018e-05 0.00076998 0.0004 

0.000180085 0.00123892 0.0004 

-3.44583e-05 0.000484554 0.0004 

0.000165555 -0.000208922 0.0004 

4.53511e-05 -0.0013138 0.0004 

4.16715e-06 0.000309387 0.0004 

-2.16661e-05 -0.00110535 0.0004 

9.1651e-05 0.000149095 0.0004 

2.59021e-06 -0.00170662 0.0004 

-0.000149388 0.000125357 0.0004 

-9.70964e-05 -0.000203654 0.0004 

0.000105564 0.000918907 0.0004 

-7.54894e-05 -0.000409568 0.0004 

-1.75621e-05 0.000419137 0.0004 

0.000104545 -0.000587836 0.0004 

1.40632e-05 -0.000241793 0.0004 

0.000100535 0.00173814 0.0004 

4.19772e-05 -0.00110815 0.0004 

6.0026e-05 0.00110068 0.0004 

-0.000248724 0.00104302 0.0004 

0.00018028 0.000874522 0.0004 

-0.000174629 0.00040146 0.0004 

-0.00011364 -0.000868034 0.0004 

-1.16755e-05 -0.00128375 0.0004 

0.000112817 -9.15943e-05 0.0004 

-7.75444e-05 -1.17983e-05 0.0004 

-5.81039e-05 0.00116157 0.0004 

-1.067e-06 0.000592427 0.0004 

-0.000129936 3.65001e-05 0.0004 

1.97555e-05 -0.0017755 0.0004 

-0.000110927 5.66683e-05 0.0004 

0.000188837 0.00177808 0.0004 

-8.10726e-05 0.000100748 0.0004 

-2.06241e-05 0.000985336 0.0004 

5.45006e-06 0.000279506 0.0004 

-2.45104e-05 -0.000170123 0.0004 

-0.00020646 7.6108e-05 0.0004 

-5.17251e-05 8.47202e-05 0.0004 

3.6462e-05 -0.00171989 0.0004 

-0.000130993 -1.1574e-05 0.0004 

4.08288e-05 0.000805178 0.0004 

-4.67644e-05 0.000275737 0.0004 

-5.07712e-05 -0.00103178 0.0004 

3.39765e-06 0.000571044 0.0004 

-0.000163806 -3.8173e-05 0.0004 

-3.38242e-05 -0.000482451 0.0004 

-0.000126657 -2.62692e-05 0.0004 

-9.25864e-05 -0.000356175 0.0004 

3.06825e-05 0.00034196 0.0004 

3.3746e-05 0.00115454 0.0004 

7.98076e-05 0.00198274 0.0004 

-7.61877e-06 5.46249e-05 0.0004 

-7.08408e-05 -0.00206121 0.0004 

0.000137016 -0.000491692 0.0004 

-1.71258e-05 -0.000212998 0.0004 

-6.30034e-05 0.00135171 0.0004 

-8.47206e-05 0.00104407 0.0004 

-1.54214e-05 0.00129353 0.0004 

5.26026e-05 0.000474117 0.0004 

6.70432e-05 0.000789501 0.0004 

-4.42061e-05 -0.000671343 0.0004 

7.89989e-06 -0.000342268 0.0004 

0.000176847 -0.000641136 0.0004 

7.12844e-05 -0.000305119 0.0004 

-7.70233e-05 0.00113523 0.0004 

0.000179704 0.0011322 0.0004 

5.73377e-05 -0.000132769 0.0004 

-0.000115572 0.000635665 0.0004 

6.32816e-05 -0.00051146 0.0004 

-4.81581e-05 -0.000895375 0.0004 

-3.96227e-05 0.000838896 0.0004 

-2.87711e-05 -0.000421712 0.0004 

6.21028e-05 -0.00105479 0.0004 

-0.000100517 0.000660916 0.0004 

6.75965e-05 -0.000703639 0.0004 

2.41518e-05 -0.00107533 0.0004 

-2.3101e-05 -0.000135525 0.0004 

0.000122848 0.000431905 0.0004 

3.44328e-08 -0.00123159 0.0004 

0.000158617 0.000318383 0.0004 

9.65153e-05 -0.000627834 0.0004 

8.87894e-05 -0.000471318 0.0004 

-6.1368e-05 -0.00104979 0.0004 

0.000168946 0.000715833 0.0004 

-4.10928e-05 0.000606727 0.0004 

-3.4631e-05 0.00105321 0.0004 

0.000115273 0.00150606 0.0004 

0.000117545 -0.000304478 0.0004 

-5.32118e-05 -0.000782306 0.0004 

4.97153e-06 0.000844972 0.0004 

-6.87568e-05 0.000276613 0.0004 

6.123e-05 0.00097248 0.0004 

1.12386e-05 -9.61251e-05 0.0004 

2.60553e-05 -0.00114238 0.0004 

-0.000103404 -0.0010613 0.0004 

0.000102109 -0.00190775 0.0004 

-5.68796e-06 0.000223711 0.0004 

-3.05948e-05 -0.000266934 0.0004 

-0.000210829 0.00118148 0.0004 

-2.78985e-05 0.00112629 0.0004 

-6.64415e-05 -0.000938883 0.0004 

-1.27041e-05 -0.00136515 0.0004 

0.000127423 0.00247313 0.0004 

-0.000272351 0.000240332 0.0004 

-1.72374e-05 0.00168484 0.0004 

-5.8615e-06 -0.000543368 0.0004 

3.25982e-05 0.00100592 0.0004 

0.000103526 0.000696677 0.0004 

-6.60328e-05 -0.000956702 0.0004 

-5.08204e-05 -0.000133777 0.0004 

5.33803e-06 0.000887661 0.0004 

-0.000150976 0.000358568 0.0004 

-2.5748e-05 -0.000374403 0.0004 

3.37621e-05 0.000382848 0.0004 

-0.000146309 -0.000475152 0.0004 

4.74984e-05 -0.00063247 0.0004 

-0.00018792 0.000266382 0.0004 

-2.91027e-05 0.000258805 0.0004 

-5.22744e-06 -0.000421225 0.0004 

0.00021282 0.000159463 0.0004 

7.10902e-05 -0.00123467 0.0004 

0.000133268 -0.000483065 0.0004 

-3.40596e-05 -0.000348433 0.0004 

2.68085e-05 -0.00158116 0.0004 

9.40063e-05 0.00220686 0.0004 

-1.85184e-05 0.00127212 0.0004 

6.17219e-06 0.000246062 0.0004 

-0.000118708 0.00110989 0.0004 

4.16328e-05 -0.00124556 0.0004 

-0.000157505 -0.000197236 0.0004 

5.68922e-05 0.00064831 0.0004 

-1.38376e-05 -0.000183017 0.0004 

2.12624e-05 0.000311305 0.0004 

-7.32422e-06 -6.05823e-05 0.0004 

1.85383e-05 -0.00033563 0.0004 

-6.97186e-05 0.00111753 0.0004 

-7.96676e-05 -0.000406422 0.0004 

2.665e-05 -0.000349989 0.0004 

-5.18656e-05 3.85325e-05 0.0004 

-6.94028e-05 -0.000492476 0.0004 

-7.2348e-05 0.00200026 0.0004 

-0.000136556 0.00102326 0.0004 

-8.96177e-05 0.000587002 0.0004 

-2.5826e-05 -0.00134152 0.0004 

6.82225e-05 0.00110357 0.0004 

6.63091e-05 0.000136996 0.0004 

-0.000144049 -0.00144807 0.0004 

0.000183721 -0.00109757 0.0004 

5.37862e-05 -0.000500463 0.0004 

7.63589e-06 -0.000695253 0.0004 

-4.99874e-05 0.000196355 0.0004 

5.66177e-05 0.000785423 0.0004 

7.7314e-05 0.000363907 0.0004 

-4.89118e-05 0.00117817 0.0004 

-8.74005e-05 0.000914865 0.0004 

-5.25173e-05 0.00195657 0.0004 

-2.32267e-05 0.000941718 0.0004 

-0.000175001 -0.000336943 0.0004 

-2.01549e-05 0.000524251 0.0004 

7.02777e-05 -0.00018207 0.0004 

-0.000144753 -0.000648326 0.0004 

-4.83017e-05 0.00160524 0.0004 

0.000194876 -0.000258005 0.0004 

-0.000308725 0.000801759 0.0004 

5.95649e-05 -0.000321626 0.0004 

-8.26761e-05 0.00118359 0.0004 

8.43759e-05 0.0005563 0.0004 

3.61622e-05 0.00017878 0.0004 

0.000106473 -0.00049387 0.0004 

-5.64519e-06 -0.00112657 0.0004 

8.70199e-05 -0.000375998 0.0004 

6.98997e-05 9.7966e-05 0.0004 

-1.93953e-05 -0.000593412 0.0004 

-8.61558e-05 0.00012598 0.0004 

-6.32402e-05 0.000175973 0.0004 

0.000116569 -0.000692765 0.0004 

0.000124945 0.00165242 0.0004 

-3.68621e-05 -0.0016136 0.0004 

4.29838e-05 0.000827937 0.0004 

3.66334e-05 0.000163631 0.0004 

-0.000113411 -0.000870154 0.0004 

-0.000261861 0.000390511 0.0004 

-4.76512e-05 0.00113507 0.0004 

4.4596e-06 0.00117065 0.0004 

-1.04467e-05 0.000857179 0.0004 

-8.04232e-06 0.000523498 0.0004 

-1.71205e-05 -0.000799213 0.0004 

0.000159365 3.28141e-05 0.0004 

-2.38369e-05 0.00105052 0.0004 

-0.000136236 -0.000823678 0.0004 

-2.91647e-05 0.000906009 0.0004 

1.05688e-05 0.000167588 0.0004 

-4.03952e-05 -0.00143959 0.0004 

-7.15583e-05 2.92422e-05 0.0004 

-3.64657e-05 0.000130171 0.0004 

3.73375e-05 -0.00132137 0.0004 

4.90744e-05 -0.000324115 0.0004 

-1.29222e-05 9.61164e-05 0.0004 

4.23747e-05 0.000210525 0.0004 

-0.000320975 -0.000325531 0.0004 

2.99894e-05 1.69814e-05 0.0004 

0.000161753 5.04952e-05 0.0004 

-2.1744e-05 -0.000199258 0.0004 

-5.68352e-05 -0.00119898 0.0004 

-5.11689e-05 4.61485e-05 0.0004 

-0.000142437 0.00124162 0.0004 

-1.79098e-05 0.000483936 0.0004 

6.38552e-05 0.000861481 0.0004 

0.000175411 -0.000332699 0.0004 

0.000135763 -0.00183259 0.0004 

-0.000137853 0.000391169 0.0004 

-7.60508e-05 -2.37914e-05 0.0004 

-4.05643e-05 -0.00266581 0.0004 

-1.41962e-05 -0.000938579 0.0004 

-6.19611e-05 -0.000693162 0.0004 

-4.64993e-05 0.000119309 0.0004 

0.00015386 0.000820519 0.0004 

0.00015229 0.000275516 0.0004 

-0.000168295 -0.000328703 0.0004 

2.75422e-05 -0.00037693 0.0004 

-0.000111997 0.000372271 0.0004 

-2.73824e-05 0.00149254 0.0004 

0.000118928 -0.000412596 0.0004 

8.90366e-05 0.000877691 0.0004 

-8.74542e-05 0.000670313 0.0004 

0.000188209 -0.000999121 0.0004 

9.70716e-05 -0.00081745 0.0004 

-3.33175e-05 -0.000433523 0.0004 

-3.20127e-05 -0.000278713 0.0004 

5.98802e-06 -0.000153761 0.0004 

5.16773e-05 0.00116939 0.0004 

-7.52204e-05 0.0013703 0.0004 

-1.76265e-05 -0.0016677 0.0004 

0.00017475 -0.00180623 0.0004 

-0.000156813 0.000731135 0.0004 

-0.000115901 -0.00229872 0.0004 

6.14327e-05 0.000204465 0.0004 

7.16351e-05 -0.00150355 0.0004 

-0.000119013 0.000135531 0.0004 

-7.63017e-05 0.000774668 0.0004 

-4.4997e-05 -0.000180218 0.0004 

2.12719e-05 0.000745494 0.0004 

9.58047e-06 -0.000432216 0.0004 

0.000185065 -0.000235878 0.0004 

-9.75103e-05 2.99952e-05 0.0004 

7.99133e-05 0.000497558 0.0004 

7.80769e-06 0.000385002 0.0004 

-4.49109e-05 0.000128874 0.0004 

-6.45619e-05 -0.00107377 0.0004 

6.10924e-05 -6.34797e-05 0.0004 

-6.30791e-05 -0.000195271 0.0004 

-4.91214e-05 -0.000504346 0.0004 

3.77401e-05 -0.000117554 0.0004 

-4.26905e-05 6.93997e-05 0.0004 

-7.75193e-05 0.00106651 0.0004 

-0.000175113 -0.000762105 0.0004 

4.16321e-05 0.000987995 0.0004 

2.6035e-05 -0.000220667 0.0004 

-0.000134263 0.000865398 0.0004 

-0.00017018 -0.00120324 0.0004 

-0.000204677 0.00149448 0.0004 

4.17696e-05 0.000437436 0.0004 

0.000163344 0.00150077 0.0004 

0.000137692 -0.000117248 0.0004 

0.000189407 -0.000868676 0.0004 

3.13507e-05 -0.000954666 0.0004 

0.000120013 0.000230005 0.0004 

0.000156691 0.00233979 0.0004 

-0.0002006 -0.0011822 0.0004 

-8.10054e-05 0.000268348 0.0004 

-1.81839e-05 -0.00064011 0.0004 

-0.000117962 -0.000259415 0.0004 

-6.5781e-05 -0.000961992 0.0004 

4.79391e-05 0.000723282 0.0004 

-0.000121334 -0.000392944 0.0004 

-0.000117588 0.00143088 0.0004 

-0.000256014 -0.00160995 0.0004 

0.000143058 -0.00098805 0.0004 

-0.000116798 0.000322984 0.0004 

2.96868e-05 0.00055086 0.0004 

-0.000174164 -0.000641383 0.0004 

6.21792e-05 -0.0015113 0.0004 

-3.82867e-05 0.00207577 0.0004 

-1.79554e-05 0.000891187 0.0004 

-8.80001e-05 0.000442647 0.0004 

-0.000130878 5.5329e-05 0.0004 

1.28883e-05 0.000985268 0.0004 

0.000144399 -0.00102213 0.0004 

7.39015e-05 -0.000700381 0.0004 

2.2696e-05 -0.000788837 0.0004 

0.000107368 3.72192e-05 0.0004 

2.13702e-05 -0.000325291 0.0004 

-0.000151827 0.000547306 0.0004 

0.000163707 -0.000807955 0.0004 

0.000110126 -0.000936408 0.0004 

-0.000234566 -0.000566293 0.0004 

6.18116e-05 -0.00193768 0.0004 

0.000121255 -0.000977007 0.0004 

-4.2741e-05 -0.000212415 0.0004 

0.000177436 0.000114732 0.0004 

3.27829e-05 0.000839036 0.0004 

-0.000259309 0.00159764 0.0004 

0.000121505 4.39283e-07 0.0004 

-1.83322e-05 0.000746017 0.0004 

-5.16989e-05 -0.00072571 0.0004 

2.51031e-05 -0.000815338 0.0004 

-5.81156e-06 8.2033e-05 0.0004 

0.00020124 0.000444844 0.0004 

1.3237e-05 4.00198e-05 0.0004 

-9.36809e-05 -0.000101077 0.0004 

6.41095e-05 -0.000169536 0.0004 

-8.94537e-05 -0.000872707 0.0004 

-1.89684e-05 0.00015744 0.0004 

2.42907e-05 -0.000316037 0.0004 

-0.000124457 0.000727679 0.0004 

9.98869e-05 0.000608531 0.0004 

6.0567e-06 -0.000292265 0.0004 

7.47078e-05 -0.00186871 0.0004 

-8.47844e-05 -7.56127e-05 0.0004 

0.000103844 -0.00077638 0.0004 

0.000119592 0.000438045 0.0004 

-4.5729e-05 0.000945097 0.0004 

-9.63751e-07 -0.000778235 0.0004 

-9.41728e-05 0.000575688 0.0004 

-4.61312e-05 -0.000958149 0.0004 

9.14091e-05 0.000143455 0.0004 

0.000160995 0.000563354 0.0004 

-0.000169528 -0.000784918 0.0004 

-2.07381e-05 -0.000482355 0.0004 

-4.25279e-06 -0.00155185 0.0004 

2.1957e-05 0.000346727 0.0004 

9.18316e-05 -0.000611121 0.0004 

-2.01977e-05 -0.000845691 0.0004 

0.000129124 0.00100827 0.0004 

4.13743e-05 -0.00164263 0.0004 

0.00011732 -0.00119885 0.0004 

-8.60218e-05 0.00067757 0.0004 

6.10702e-05 -0.000332714 0.0004 

6.40781e-05 -0.00068074 0.0004 

0.000161634 0.000179878 0.0004 

0.000120564 -0.00074229 0.0004 

-8.01373e-06 -0.000835252 0.0004 

-4.29673e-05 -0.000854745 0.0004 

-0.000110987 0.00165504 0.0004 

9.66467e-05 -0.00121759 0.0004 

-0.000228553 1.86113e-05 0.0004 

-3.9901e-05 -0.00086678 0.0004 

-5.67527e-05 0.000779356 0.0004 

5.11767e-05 -0.000937081 0.0004 

-7.15791e-06 0.000276886 0.0004 

-0.000116189 -0.000796484 0.0004 

-8.26356e-05 -0.00125454 0.0004 

5.5396e-05 0.00061267 0.0004 

-6.45235e-06 -0.00100448 0.0004 

6.61588e-06 -0.000202833 0.0004 

0.000103069 -0.00124705 0.0004 

-0.000154955 0.00189072 0.0004 

-1.77991e-06 -0.00145059 0.0004 

-5.06807e-05 -0.00152093 0.0004 

-0.000179299 0.000774356 0.0004 

1.99334e-05 -0.000405525 0.0004 

-2.27331e-06 -0.000490003 0.0004 

5.21841e-06 0.000626034 0.0004 

0.000104675 -0.00145086 0.0004 

1.76734e-05 0.00104611 0.0004 

-0.000108161 -0.000231689 0.0004 

0.000175472 0.00026168 0.0004 

-9.93676e-05 8.06012e-05 0.0004 

9.77017e-06 0.00156853 0.0004 

-0.000109134 0.00041357 0.0004 

0.00013435 0.000527693 0.0004 

-0.000135905 -0.00113513 0.0004 

8.64482e-05 0.000233203 0.0004 

9.67324e-05 -0.00205286 0.0004 

-0.000226486 0.000391412 0.0004 

-5.86687e-05 -0.00100341 0.0004 

-8.94367e-05 -0.000281948 0.0004 

-3.60175e-05 -8.40054e-05 0.0004 

-0.000216415 -0.000104274 0.0004 

-3.69665e-05 -0.000833307 0.0004 

-7.64062e-05 0.000858985 0.0004 

5.41091e-05 -0.00110454 0.0004 

-8.60586e-05 -0.000842217 0.0004 

0.000220803 0.000290352 0.0004 

5.37751e-06 0.000498807 0.0004 

3.72996e-05 0.000629906 0.0004 

1.45897e-05 -0.000177172 0.0004 

2.48843e-05 0.000210803 0.0004 

6.65749e-05 7.33797e-05 0.0004 

3.92543e-06 0.000554774 0.0004 

6.57505e-05 -0.00134551 0.0004 

-0.000107017 0.000367186 0.0004 

-8.26085e-06 -0.000173798 0.0004 

6.1763e-05 -0.000884022 0.0004 

6.27766e-05 0.000729277 0.0004 

-9.73713e-06 -0.000666872 0.0004 

3.5381e-05 0.00106416 0.0004 

-0.000160865 0.000517497 0.0004 

-4.29432e-05 3.98698e-05 0.0004 

3.17926e-05 -0.000560322 0.0004 

8.76488e-05 0.00107407 0.0004 

-0.000164629 0.00151534 0.0004 

-0.000156448 4.74286e-05 0.0004 

0.000131001 0.000582559 0.0004 

4.27939e-05 0.000140342 0.0004 

-0.000114372 -0.00165262 0.0004 

-9.39791e-05 -0.000141816 0.0004 

0.000143582 0.000548409 0.0004 

0.000126605 -0.000271255 0.0004 

3.47923e-06 0.00180746 0.0004 

7.55789e-05 -0.00086113 0.0004 

-7.49816e-06 0.00145263 0.0004 

4.6514e-05 -0.000516553 0.0004 

9.63131e-05 -0.000743789 0.0004 

-4.91777e-06 -0.000355078 0.0004 

-6.69881e-05 -0.00192282 0.0004 

-0.000125076 -0.00169069 0.0004 

0.00015476 -0.000985387 0.0004 

-0.000112411 -0.000442301 0.0004 

-0.000139608 -0.00183863 0.0004 

-0.0001258 -0.00101612 0.0004 

-0.000159015 0.0018017 0.0004 

0.000121286 -0.00110051 0.0004 

3.66315e-05 0.000379075 0.0004 

-4.37753e-05 -0.000120499 0.0004 

4.25382e-06 -7.76543e-05 0.0004 

8.92958e-05 0.000502664 0.0004 

9.72811e-05 -0.000319926 0.0004 

0.000135442 0.000475475 0.0004 

1.92069e-05 -0.000353909 0.0004 

-0.000136541 0.000505295 0.0004 

-1.32801e-05 0.000862303 0.0004 

4.2411e-06 0.000334352 0.0004 

-0.000266034 0.000462109 0.0004 

3.48378e-05 -0.000937663 0.0004 

1.61296e-05 -0.00163369 0.0004 

-0.00018404 0.000548668 0.0004 

4.30599e-05 0.000586151 0.0004 

1.86426e-05 0.000999166 0.0004 

0.000102739 -0.000307288 0.0004 

-8.67194e-05 -0.00106137 0.0004 

1.75897e-05 0.00145076 0.0004 

5.47339e-05 -0.00016454 0.0004 

0.000127585 0.000447263 0.0004 

8.66413e-05 0.00161894 0.0004 

-0.000150938 5.62564e-05 0.0004 

-8.49715e-05 0.000849179 0.0004 

-0.000147963 0.000334948 0.0004 

9.51277e-05 -8.85777e-06 0.0004 

-0.000172646 -0.000970128 0.0004 

1.55948e-05 0.000395066 0.0004 

0.000127525 0.000680476 0.0004 

9.38217e-05 0.00088687 0.0004 

9.76687e-05 0.00204654 0.0004 

-3.18591e-05 -0.000517635 0.0004 

0.000109729 0.0010949 0.0004 

8.93849e-05 0.000757036 0.0004 

0.000116862 -0.000114698 0.0004 

0.000125715 0.000801714 0.0004 

-9.38789e-05 0.00155816 0.0004 

8.45662e-05 -0.000403069 0.0004 

0.000151907 -0.000812558 0.0004 

-0.000185213 -0.00128474 0.0004 

4.18446e-06 0.00091315 0.0004 

2.06939e-05 -3.5943e-07 0.0004 

7.63898e-05 0.00198474 0.0004 

3.51764e-05 -0.000518302 0.0004 

-9.8516e-05 -0.000132152 0.0004 

-9.08931e-05 6.70639e-05 0.0004 

-0.000111133 0.000811139 0.0004 

-5.75378e-05 0.000706226 0.0004 

-1.59476e-05 -0.00178158 0.0004 

9.56393e-05 -0.00125829 0.0004 

0.000119296 0.000319562 0.0004 

7.64891e-05 -0.0016077 0.0004 

3.68743e-05 0.000194909 0.0004 

-0.000130175 -0.00302667 0.0004 

1.58338e-05 0.00115975 0.0004 

6.74906e-05 -0.000487609 0.0004 

1.90626e-05 0.000295566 0.0004 

4.56796e-05 -0.00079291 0.0004 

-3.94839e-05 0.00212637 0.0004 

-0.000225871 8.26156e-05 0.0004 

0.000147422 0.000488858 0.0004 

2.66548e-05 5.19268e-05 0.0004 

-4.85305e-05 0.000804616 0.0004 

-0.000293234 -0.000242763 0.0004 

5.77924e-05 0.000575332 0.0004 

0.000104301 0.00137216 0.0004 

-6.60875e-05 -0.000544361 0.0004 

-8.37524e-05 0.000555168 0.0004 

3.76183e-05 0.00133022 0.0004 

-0.000326457 -0.00109529 0.0004 

6.45961e-05 -0.000921651 0.0004 

-5.75099e-05 0.00136775 0.0004 

-1.57115e-07 -0.000447493 0.0004 

5.42242e-05 0.00127408 0.0004 

-9.07916e-05 0.0016046 0.0004 

0.000132555 -0.000862559 0.0004 

-8.78803e-05 0.000716726 0.0004 

-2.80599e-05 0.000143399 0.0004 

1.6192e-05 0.000233807 0.0004 

-8.70558e-05 -0.000340095 0.0004 

4.3234e-05 -0.000484727 0.0004 

1.0577e-05 5.4265e-05 0.0004 

8.69911e-05 0.000815812 0.0004 

-0.000186245 -0.000547587 0.0004 

-7.03116e-06 -0.00242215 0.0004 

0.000178927 0.00220918 0.0004 

-0.000166753 -0.00137201 0.0004 

3.91928e-05 -0.00202909 0.0004 

2.32175e-06 0.00170282 0.0004 

0.000117707 0.00010228 0.0004 

0.00013189 -0.00156531 0.0004 

-1.85238e-05 -0.00205191 0.0004 

3.50814e-05 0.000808327 0.0004 

0.000137475 -0.000887741 0.0004 

4.38411e-05 -0.000310837 0.0004 

-3.11234e-05 1.65053e-05 0.0004 

-1.00498e-06 -0.000904796 0.0004 

-3.00346e-05 -0.000257391 0.0004 

-1.73355e-05 -0.00277979 0.0004 

5.99213e-06 -0.000159643 0.0004 

-3.71877e-06 2.23836e-05 0.0004 

-0.00010861 -7.19884e-05 0.0004 

-4.96252e-05 1.63731e-05 0.0004 

3.13646e-05 -0.000375168 0.0004 

-8.63411e-06 -0.000582196 0.0004 

3.98965e-05 -0.000761693 0.0004 

0.000119412 0.000268249 0.0004 

7.70377e-06 -0.00121392 0.0004 

-0.000109844 0.00223509 0.0004 

0.000194246 -0.000101392 0.0004 

2.72441e-05 0.000622072 0.0004 

1.15284e-05 -0.000482633 0.0004 

5.51724e-05 -0.00116146 0.0004 

-0.000154428 0.000315255 0.0004 

-0.000132923 -0.000460345 0.0004 

-2.79462e-05 -0.00158128 0.0004 

0.000326367 -0.000433352 0.0004 

2.75327e-05 -0.000281152 0.0004 

6.17612e-07 0.00113119 0.0004 

2.60743e-05 -0.000302723 0.0004 

6.57284e-05 0.00208676 0.0004 

0.0001901 0.00117158 0.0004 

-0.000160777 0.00179288 0.0004 

-8.80198e-05 0.00103345 0.0004 

3.05745e-05 0.000688268 0.0004 

-0.000228005 -0.00143142 0.0004 

6.32276e-05 7.17855e-05 0.0004 

-0.000140968 0.000617732 0.0004 

0.000107338 -0.000598292 0.0004 

4.72072e-05 -0.00182165 0.0004 

-0.000130402 -0.00146515 0.0004 

4.8923e-05 -0.000115276 0.0004 

-1.78087e-05 -0.00026404 0.0004 

7.68193e-05 0.000355502 0.0004 

1.87161e-06 -0.00148415 0.0004 

-0.000103117 -0.000955254 0.0004 

-0.000190337 -0.000329508 0.0004 

2.40745e-05 -0.000180307 0.0004 

-6.90384e-05 -0.000154037 0.0004 

0.000102778 -0.000745289 0.0004 

-5.05241e-05 -0.000494974 0.0004 

3.46123e-05 0.000754427 0.0004 

-0.000115685 0.000663594 0.0004 

-3.22635e-05 0.000108131 0.0004 

0.000114014 0.00164244 0.0004 

-0.000139281 -0.000688495 0.0004 

2.4455e-05 -0.000513019 0.0004 

-6.99334e-05 -0.000392377 0.0004 

5.33102e-05 -0.00252812 0.0004 

-0.000201917 0.000226797 0.0004 

-5.12443e-05 0.00121198 0.0004 

-8.65734e-05 -0.000210482 0.0004 

0.000116793 0.00110992 0.0004 

-0.000177104 0.000670027 0.0004 

-1.65404e-05 -0.000563999 0.0004 

0.000106317 0.000338712 0.0004 

-2.73383e-05 0.000230652 0.0004 

0.000212018 -0.0014341 0.0004 

0.000126727 -0.000786336 0.0004 

5.08672e-05 -0.000239302 0.0004 

0.000135002 -0.00191042 0.0004 

0.000105994 -0.000528692 0.0004 

0.00019081 0.000578492 0.0004 

0.000126156 8.0981e-05 0.0004 

5.6159e-05 0.00162967 0.0004 

9.18472e-05 -0.000738331 0.0004 

-1.37332e-05 0.00026972 0.0004 

6.92516e-05 -0.0015953 0.0004 

-1.82945e-05 0.00130436 0.0004 

8.10377e-05 -0.000175611 0.0004 

-4.73591e-05 -0.000550036 0.0004 

6.36852e-05 0.000797089 0.0004 

-0.000113114 0.00123288 0.0004 

6.3354e-06 -0.00107588 0.0004 

2.69468e-05 0.000962394 0.0004 

-0.000102963 0.000639233 0.0004 

-0.000101978 0.00243609 0.0004 

1.02491e-05 0.0014292 0.0004 

-3.75777e-05 -0.00157836 0.0004 

-0.000169776 0.00200146 0.0004 

-1.63883e-05 0.000647199 0.0004 

-7.70233e-05 0.000123306 0.0004 

-0.000195045 0.000208647 0.0004 

0.000166804 -6.45882e-05 0.0004 

-0.000138815 0.000403068 0.0004 

-0.000155307 0.000126998 0.0004 

4.94489e-05 -0.00144789 0.0004 

-0.000151617 0.000702902 0.0004 

0.000113341 -0.00100522 0.0004 

0.000172501 -0.000881975 0.0004 

-6.10764e-05 0.000519946 0.0004 

0.000238876 0.00115947 0.0004 

9.04303e-05 -0.00164651 0.0004 

5.70365e-05 -4.63215e-05 0.0004 

0.000109851 -0.00115768 0.0004 

-0.000208277 0.00240433 0.0004 

-4.4781e-05 0.000565235 0.0004 

7.30046e-05 -0.0024056 0.0004 

8.97318e-05 0.00129661 0.0004 

4.1006e-05 0.000291113 0.0004 

-0.000244934 0.00108906 0.0004 

2.82776e-05 -0.000405291 0.0004 

-7.42019e-06 -0.00121932 0.0004 

0.000108132 0.000601923 0.0004 

0.000109576 0.000914051 0.0004 

-6.31104e-05 0.000546406 0.0004 

2.26737e-05 0.00047246 0.0004 

-1.23171e-05 -0.00123931 0.0004 

4.65928e-05 -0.00024778 0.0004 

4.56989e-06 1.99719e-06 0.0004 

-2.96607e-05 -0.000220146 0.0004 

-7.02951e-05 -0.00105616 0.0004 

-0.000136114 0.000365451 0.0004 

0.00012468 -3.88232e-05 0.0004 

-0.000144384 0.00200574 0.0004 

0.000118289 -0.000267945 0.0004 

2.22882e-05 0.000335141 0.0004 

2.65302e-05 -0.000520175 0.0004 

-7.69571e-06 -0.000533273 0.0004 

-2.90478e-05 0.00125459 0.0004 

5.66123e-06 0.00152825 0.0004 

9.66065e-05 0.00122295 0.0004 

-2.45577e-05 0.000544907 0.0004 

-4.54015e-05 0.000164556 0.0004 

-8.58271e-05 5.38248e-05 0.0004 

2.09708e-06 -0.000306243 0.0004 

-0.000125344 -0.000935247 0.0004 

0.000114579 -0.0020505 0.0004 

-9.92104e-05 -0.000566776 0.0004 

-2.83061e-05 6.09735e-05 0.0004 

3.65629e-05 0.000110873 0.0004 

0.000192045 0.00090326 0.0004 

-1.87245e-05 0.000337056 0.0004 

-3.27524e-05 0.000263154 0.0004 

-3.33219e-06 2.53112e-05 0.0004 

9.80993e-05 -3.04546e-05 0.0004 

-0.000148648 -0.00115621 0.0004 

-8.63875e-05 -0.000832345 0.0004 

-0.000104939 -0.000264507 0.0004 

-5.68238e-05 0.00166674 0.0004 

3.12133e-05 0.000931732 0.0004 

-8.54285e-05 -0.000279834 0.0004 

0.00011359 0.00106128 0.0004 

4.69936e-05 0.00144104 0.0004 

-0.00015744 -0.000654739 0.0004 

-0.000139607 -0.00205201 0.0004 

-0.000222288 -0.000575949 0.0004 

5.41742e-05 -0.000270212 0.0004 

0.000110585 0.000755309 0.0004 

-4.16321e-05 0.000931746 0.0004 

0.000168369 0.00122782 0.0004 

-0.000229945 -0.000196953 0.0004 

2.58806e-05 -0.00139429 0.0004 

-3.85909e-05 0.000772401 0.0004 

0.000100598 -0.00123449 0.0004 

-4.41284e-05 -0.000444504 0.0004 

9.33295e-05 0.00162869 0.0004 

-6.55989e-05 -0.00048966 0.0004 

9.24656e-05 -0.00113531 0.0004 

-9.1713e-05 0.000191792 0.0004 

-6.30658e-05 -0.00113903 0.0004 

-7.43468e-05 0.000472255 0.0004 

0.000230815 0.00261183 0.0004 

7.72082e-05 -0.00212509 0.0004 

0.00017294 9.44805e-06 0.0004 

-0.000111641 0.0009235 0.0004 

0.000142271 0.000169117 0.0004 

0.00018982 0.000605314 0.0004 

0.000115793 0.00044295 0.0004 

8.72276e-05 -0.000898118 0.0004 

8.61291e-05 -0.000637225 0.0004 

-0.000171563 -0.000501391 0.0004 

-0.000134535 0.000624689 0.0004 

-8.349e-05 0.000789369 0.0004 

7.1134e-05 -0.00269252 0.0004 

7.27935e-05 0.000783948 0.0004 

9.43955e-05 0.000309089 0.0004 

0.000122412 -0.000646523 0.0004 

-5.84184e-05 -0.00071674 0.0004 

0.000103752 -0.000371464 0.0004 

-5.53381e-05 -0.000463607 0.0004 

0.000121611 -0.000938849 0.0004 

7.16206e-05 -0.00172035 0.0004 

0.000110259 -0.00154246 0.0004 

0.000137893 0.00103663 0.0004 

-2.86203e-05 -0.000130662 0.0004 

-5.74603e-05 0.00164994 0.0004 

-0.000109204 -0.00151599 0.0004 

0.00015624 -0.00108577 0.0004 

7.56023e-05 0.000397846 0.0004 

0.000159776 -0.00113616 0.0004 

0.000190092 -0.00177843 0.0004 

8.6201e-05 -0.000475472 0.0004 

-0.000131143 -0.000926084 0.0004 

-0.000131449 -3.88348e-08 0.0004 

0.000154124 -0.000343393 0.0004 

8.15631e-05 -8.53041e-05 0.0004 

-2.20787e-05 -0.000716081 0.0004 

0.000102256 -0.00100746 0.0004 

-0.000156464 -0.000339771 0.0004 

-1.40943e-05 -0.00121598 0.0004 

-1.64283e-05 0.000257188 0.0004 

5.79524e-05 -0.00110336 0.0004 

0.000120455 -0.000341622 0.0004 

8.74239e-05 7.69596e-05 0.0004 

0.000104607 0.000193412 0.0004 

-0.000147523 -0.00117443 0.0004 

-6.40899e-05 0.00141942 0.0004 

-0.000132224 0.000796438 0.0004 

7.57602e-05 0.00162431 0.0004 

0.000109009 0.0012324 0.0004 

0.000201818 -0.000379359 0.0004 

-0.000178155 0.00272038 0.0004 

5.9808e-05 0.000228234 0.0004 

0.000112099 -8.14124e-05 0.0004 

-1.67147e-05 0.000251319 0.0004 

2.28414e-05 0.000153708 0.0004 

-7.81257e-06 -0.000238469 0.0004 

8.95574e-06 -0.00215505 0.0004 

8.1013e-05 -0.000187682 0.0004 

-5.17755e-05 -0.000637346 0.0004 

-0.000138956 -0.000503711 0.0004 

-0.000105864 -0.000555353 0.0004 

8.17049e-06 -0.00134697 0.0004 

3.12644e-05 0.000711758 0.0004 

-8.06239e-05 0.000223538 0.0004 

3.0976e-05 -0.000434552 0.0004 

-0.000142849 -0.000880278 0.0004 

-0.000140318 -0.00182087 0.0004 

-0.000141829 -0.00186961 0.0004 

-0.000117949 0.000699581 0.0004 

-6.99252e-05 -0.000231262 0.0004 

-8.89151e-05 -0.0011238 0.0004 

-0.000164516 -6.27749e-05 0.0004 

-0.000177245 0.0014141 0.0004 

-1.91229e-05 0.000223754 0.0004 

-4.24845e-07 -0.000544262 0.0004 

-8.07386e-05 -5.8127e-05 0.0004 

8.5005e-05 0.000408181 0.0004 

-0.00013026 -0.00094812 0.0004 

0.00024909 -0.000868575 0.0004 

-5.56849e-06 -0.000813081 0.0004 

0.00010953 -0.000675293 0.0004 

-0.000151749 0.00112873 0.0004 

-0.000135935 0.00118995 0.0004 

9.60672e-05 3.78294e-05 0.0004 

-2.03832e-05 -0.00108852 0.0004 

0.000134884 -0.00223001 0.0004 

0.000141503 -0.000632832 0.0004 

-0.000191922 0.00158381 0.0004 

-1.84454e-05 -0.000815655 0.0004 

9.45376e-05 -0.000799648 0.0004 

0.000110586 0.000387202 0.0004 

4.35637e-05 0.00012782 0.0004 

-5.54415e-05 -0.00114039 0.0004 

-0.000136499 0.000558726 0.0004 

4.34397e-05 0.000678256 0.0004 

1.88305e-05 0.000859447 0.0004 

9.53216e-05 -0.000117341 0.0004 

5.81157e-05 0.000312839 0.0004 

0.000146035 -0.000125942 0.0004 

0.000163564 2.06758e-05 0.0004 

-6.99208e-05 -0.00155132 0.0004 

0.000105743 -0.0011042 0.0004 

3.88889e-05 -0.000537307 0.0004 

-5.6571e-05 -0.000942379 0.0004 

5.63062e-05 0.00144552 0.0004 

-0.000277098 -0.00131315 0.0004 

0.00018165 0.000744985 0.0004 

-0.000108489 -0.000571813 0.0004 

5.78911e-05 0.000869103 0.0004 

2.0373e-05 0.00178483 0.0004 

-2.23138e-05 -0.00105312 0.0004 

8.91329e-05 0.00148489 0.0004 

0.0002437 0.00226841 0.0004 

-1.05957e-05 0.000857323 0.0004 

9.81157e-05 -0.00071596 0.0004 

0.00015651 0.000454195 0.0004 

-9.83288e-05 -0.000537922 0.0004 

-1.90139e-05 0.000334432 0.0004 

0.000177593 0.000862161 0.0004 

5.16785e-05 -0.000385421 0.0004 

7.37506e-05 0.00067664 0.0004 

8.60269e-05 0.000220648 0.0004 

-3.20093e-05 0.000767062 0.0004 

-6.77015e-05 -0.000813967 0.0004 

7.40683e-05 0.000201148 0.0004 

-4.04099e-05 0.00125163 0.0004 

0.000134431 0.000925894 0.0004 

-5.60838e-06 -0.00010519 0.0004 

6.72642e-05 0.00129302 0.0004 

6.22551e-05 0.000272252 0.0004 

-1.7832e-07 -0.000600809 0.0004 

-6.0088e-05 -0.00068835 0.0004 

0.000194113 -0.000522311 0.0004 

-0.000131009 -0.00112551 0.0004 

1.91409e-05 -0.000489769 0.0004 

0.000224751 0.000267483 0.0004 

-3.0262e-05 -0.000275186 0.0004 

7.80469e-05 0.000811161 0.0004 

-7.06893e-06 -0.000390186 0.0004 

2.69531e-05 -0.000238003 0.0004 

-0.000189124 0.000847946 0.0004 

-0.000110893 -0.000576696 0.0004 

0.000175005 -2.33117e-05 0.0004 

5.44501e-05 -0.000192076 0.0004 

-0.000247217 0.00103352 0.0004 

0.000203232 -0.000348495 0.0004 

5.98118e-05 7.46515e-05 0.0004 

-1.52124e-05 0.00037593 0.0004 

-7.66404e-05 0.000474634 0.0004 

8.44983e-05 0.000548105 0.0004 

-2.38496e-05 0.000673371 0.0004 

0.000140476 0.00204747 0.0004 

-6.43012e-07 -0.00019611 0.0004 

9.79861e-05 0.000334052 0.0004 

0.000100021 0.000776204 0.0004 

6.13144e-05 -0.000197741 0.0004 

4.54347e-05 0.00174424 0.0004 

6.30903e-05 0.0020168 0.0004 

0.000187366 7.33036e-05 0.0004 

2.4843e-05 -0.000578396 0.0004 

-0.000183279 0.000369856 0.0004 

4.0678e-05 0.000883634 0.0004 

6.39779e-05 0.000186358 0.0004 

8.82218e-05 0.000783389 0.0004 

1.61341e-06 0.000941414 0.0004 

-0.000148515 -0.000406825 0.0004 

-0.000174458 -0.0013605 0.0004 

0.000112444 -0.00116476 0.0004 

-5.7476e-05 -0.0018407 0.0004 

8.08848e-05 -0.000149884 0.0004 

2.36703e-05 1.50652e-05 0.0004 

7.82518e-05 0.000970208 0.0004 

-4.02287e-05 -0.0010181 0.0004 

0.000134399 -0.00072713 0.0004 

-0.000104711 -3.24571e-05 0.0004 

8.88457e-05 -0.000129245 0.0004 

-8.0483e-05 0.0010532 0.0004 

2.84987e-05 0.000260041 0.0004 

-3.1336e-06 0.000682189 0.0004 

-0.000133198 -0.000491427 0.0004 

0.000106722 -0.000826552 0.0004 

0.000157371 0.000379536 0.0004 

3.83034e-05 -0.000522132 0.0004 

0.000118186 3.08075e-05 0.0004 

-1.3993e-05 0.000198807 0.0004 

0.000139828 -5.10159e-05 0.0004 

-0.000108402 -0.000221993 0.0004 

-7.59467e-06 -0.000357279 0.0004 

-0.000137268 7.72933e-05 0.0004 

0.00010314 -0.000554876 0.0004 

-9.3623e-05 -0.000920162 0.0004 

8.7531e-05 -0.000696393 0.0004 

-3.62957e-05 -0.000204613 0.0004 

-0.000181345 0.00262768 0.0004 

0.000201811 -0.00128209 0.0004 

-0.00011452 0.00097277 0.0004 

2.94213e-05 0.000906181 0.0004 

2.28704e-05 -0.000419779 0.0004 

0.000119865 -0.00074115 0.0004 

-0.000135177 -0.000325031 0.0004 

-8.07068e-05 0.00193895 0.0004 

-6.61968e-05 0.000642082 0.0004 

0.00010726 -0.00102811 0.0004 

0.000134384 -0.0004386 0.0004 

5.91276e-05 -0.000225127 0.0004 

-1.05994e-05 -0.000432754 0.0004 

-7.42728e-05 0.000189768 0.0004 

-6.95873e-05 -0.0010777 0.0004 

3.07619e-05 0.000884277 0.0004 

1.85632e-05 -0.000976135 0.0004 

-0.000166114 0.00014132 0.0004 

2.86823e-07 0.000143047 0.0004 

-0.000111691 0.000181146 0.0004 

-0.000123413 0.00117152 0.0004 

-7.67954e-05 -1.45967e-05 0.0004 

-8.95106e-05 -0.000339834 0.0004 

1.58033e-07 -0.000978296 0.0004 

-2.31483e-05 -0.000872693 0.0004 

0.00015431 -0.00021098 0.0004 

0.000157348 -0.00119041 0.0004 

4.36328e-05 0.000210994 0.0004 

7.29741e-05 -0.00147499 0.0004 

-5.70212e-05 7.52349e-05 0.0004 

-9.4797e-05 -0.00101505 0.0004 

4.8119e-05 -0.000456057 0.0004 

-0.000178772 -0.00108771 0.0004 

-3.13599e-05 -0.00170691 0.0004 

-5.73226e-05 -0.000382542 0.0004 

-8.16913e-05 -4.14762e-05 0.0004 

6.23072e-05 0.000273815 0.0004 

0.000101759 -0.00155474 0.0004 

-7.19407e-05 -0.000949218 0.0004 

-6.33054e-06 0.00152171 0.0004 

-6.79161e-05 0.000160615 0.0004 

-0.000115624 -0.000468377 0.0004 

-4.56661e-05 -0.0001675 0.0004 

-0.000114896 -0.000472505 0.0004 

-0.000315073 -0.00115043 0.0004 

-3.35419e-06 0.000532231 0.0004 

-0.000187898 -0.00253377 0.0004 

-1.411e-05 0.00100612 0.0004 

-5.20669e-05 0.00139952 0.0004 

5.49706e-06 -0.00116154 0.0004 

7.68972e-05 -0.00133761 0.0004 

8.56341e-05 -0.000420791 0.0004 

-1.84414e-05 0.00195521 0.0004 

-1.57908e-06 0.000108728 0.0004 

5.74596e-06 -0.000161701 0.0004 

-0.000216104 -0.000833425 0.0004 

1.40407e-05 -0.00102051 0.0004 

-0.000113886 -0.00033224 0.0004 

-2.12652e-05 0.000792381 0.0004 

9.06897e-05 -0.000432567 0.0004 

6.46035e-05 -0.000947824 0.0004 

-6.77011e-05 -0.000598613 0.0004 

0.000125908 0.000415756 0.0004 

-4.12924e-05 -0.00115224 0.0004 

8.45654e-05 0.000326003 0.0004 

-2.41836e-06 -0.000475262 0.0004 

9.56264e-06 0.000950175 0.0004 

0.0002082 0.000114549 0.0004 

-7.7773e-05 0.00053814 0.0004 

-1.26484e-05 0.000848548 0.0004 

-6.22572e-06 -0.000619811 0.0004 

1.53398e-05 -0.000680025 0.0004 

1.58773e-05 -0.000844093 0.0004 

0.000145455 -0.000603487 0.0004 

-6.24383e-05 0.00105314 0.0004 

8.62502e-05 0.00186728 0.0004 

-3.54368e-05 0.000498227 0.0004 

-6.94333e-05 -0.000250643 0.0004 

-5.09361e-05 -0.000367944 0.0004 

0.000130224 0.0010241 0.0004 

-7.95481e-05 0.000216121 0.0004 

0.000261442 -0.00160082 0.0004 

-7.99181e-05 0.000191892 0.0004 

-2.90383e-05 0.000304819 0.0004 

-2.77071e-05 0.00172931 0.0004 

-0.000146355 -0.00117722 0.0004 

7.98304e-05 0.00160357 0.0004 

0.000110357 -0.000839578 0.0004 

-3.46207e-05 0.000495882 0.0004 

-6.395e-06 8.14725e-05 0.0004 

-9.76194e-05 5.47197e-05 0.0004 

-1.03302e-05 -0.00145534 0.0004 

0.000200874 0.000887643 0.0004 

-4.35403e-05 0.000192586 0.0004 

0.00021233 6.17263e-05 0.0004 

-0.000145962 -0.00024097 0.0004 

0.000242318 0.000831154 0.0004 

-0.000130844 -0.00115132 0.0004 

-0.000228118 9.03906e-05 0.0004 

5.82276e-05 0.000629731 0.0004 

8.51643e-08 0.000415388 0.0004 

-0.000106629 0.000238508 0.0004 

9.59132e-05 0.00125265 0.0004 

-7.92429e-05 0.00157853 0.0004 

-6.88792e-06 -0.00167137 0.0004 

9.55485e-05 -0.000940917 0.0004 

7.8708e-05 0.000398352 0.0004 

5.64391e-06 0.00136487 0.0004 

7.01081e-05 0.000197264 0.0004 

1.72051e-05 0.000198954 0.0004 

0.00013311 -0.000258766 0.0004 

0.000104906 -0.000341749 0.0004 

-0.00024463 0.00148419 0.0004 

-7.94614e-06 0.00120675 0.0004 

0.000105018 -0.00158662 0.0004 

1.33383e-05 -0.000796495 0.0004 

2.47396e-05 -0.0017648 0.0004 

7.87764e-06 -0.000695146 0.0004 

0.000209123 0.000857771 0.0004 

-0.00010187 -0.000283648 0.0004 

-0.000137152 0.00103856 0.0004 

0.000149221 0.000798846 0.0004 

-2.81604e-05 -0.000830152 0.0004 

3.94557e-05 -0.000413762 0.0004 

2.86213e-05 0.000411181 0.0004 

-5.64131e-05 0.000355621 0.0004 

4.79084e-05 -0.000116645 0.0004 

2.77708e-05 -5.80147e-05 0.0004 

7.27493e-06 0.000763964 0.0004 

-0.00016793 3.84023e-05 0.0004 

8.82806e-05 -0.000979828 0.0004 

6.41642e-05 0.00108596 0.0004 

-4.39977e-05 0.000824025 0.0004 

1.6337e-05 -0.00076218 0.0004 

3.11149e-05 -0.000306165 0.0004 

7.94211e-05 0.00121216 0.0004 

2.40314e-05 0.000351407 0.0004 

-1.18765e-05 -0.000289763 0.0004 

3.4207e-05 0.000310459 0.0004 

1.89991e-05 -0.000821426 0.0004 

-0.00013194 0.000521889 0.0004 

-5.73204e-06 0.00239595 0.0004 

2.22907e-06 -0.000309249 0.0004 

1.51684e-05 -0.000602642 0.0004 

9.275e-06 0.00207466 0.0004 

0.000128727 -6.47183e-05 0.0004 

1.44239e-05 0.00145426 0.0004 

0.000127035 0.00087969 0.0004 

-7.55711e-05 0.0024004 0.0004 

8.28584e-05 -0.000368754 0.0004 

3.14016e-06 -0.000833533 0.0004 

-9.35551e-05 0.000423722 0.0004 

0.000235481 -0.000983921 0.0004 

4.20465e-05 -0.000191084 0.0004 

9.01632e-05 0.000107287 0.0004 

0.000183219 0.000250797 0.0004 

5.90639e-05 0.0012192 0.0004 

-0.000260921 0.00143978 0.0004 

4.37708e-05 -0.000304484 0.0004 

-5.78051e-05 0.00133479 0.0004 

-0.000108234 -0.00205883 0.0004 

1.49272e-05 0.00133885 0.0004 

0.000196279 -0.00161093 0.0004 

-0.000173398 -0.000234665 0.0004 

-3.05573e-05 -0.00120842 0.0004 

0.000175562 0.00147037 0.0004 

1.63159e-05 -0.000352781 0.0004 

0.000149925 0.000316336 0.0004 

-0.000105688 0.00116977 0.0004 

1.27817e-05 0.000456908 0.0004 

1.21693e-05 0.0004286 0.0004 

0.000147869 -0.00115283 0.0004 

-6.61255e-05 0.00160849 0.0004 

-0.000117279 0.000816742 0.0004 

0.000167891 -0.000824651 0.0004 

6.04569e-05 0.000494941 0.0004 

-0.0002927 -0.000119525 0.0004 

-0.000108162 -0.000696635 0.0004 

7.07397e-05 -0.000564555 0.0004 

-4.85201e-05 -0.00085251 0.0004 

-6.16195e-05 0.000517475 0.0004 

8.94806e-06 0.000174047 0.0004 

8.38164e-05 0.00272741 0.0004 

9.61394e-05 0.000256127 0.0004 

1.31026e-05 0.000779756 0.0004 

-0.000102894 0.000461845 0.0004 

2.17639e-05 -0.000714124 0.0004 

3.88767e-05 -0.000359479 0.0004 

5.42067e-05 -0.00074337 0.0004 

8.00885e-05 0.000217559 0.0004 

6.03125e-05 -0.000315185 0.0004 

2.15321e-06 0.000960383 0.0004 

-0.000134002 0.00183016 0.0004 

9.80983e-05 0.00046674 0.0004 

9.09328e-05 0.000597142 0.0004 

-5.25593e-05 0.000275441 0.0004 

-3.68281e-05 -0.000851985 0.0004 

2.6596e-05 0.00113334 0.0004 

-8.92066e-05 0.000220014 0.0004 

-4.33087e-06 -0.000815006 0.0004 

0.000112368 0.000174712 0.0004 

-2.19739e-05 0.000796492 0.0004 

7.50812e-05 -0.000376987 0.0004 

-0.000169821 -0.000435658 0.0004 

7.52664e-05 0.00222602 0.0004 

-3.14412e-05 0.000953536 0.0004 

-0.000169074 0.00150661 0.0004 

1.84899e-05 -0.000540938 0.0004 

7.24268e-05 -0.000335865 0.0004 

4.5956e-05 0.000966376 0.0004 

-0.00014267 -6.37758e-05 0.0004 

0.000183078 -0.00203217 0.0004 

-6.15055e-05 -0.000381938 0.0004 

5.55379e-06 -0.00048415 0.0004 

2.09709e-05 -0.000812791 0.0004 

0.000123439 0.00132237 0.0004 

7.12531e-05 -3.53721e-05 0.0004 

-0.000127336 0.000114149 0.0004 

4.03093e-06 0.000251084 0.0004 

8.13524e-06 0.000677418 0.0004 

6.39543e-05 -0.000814424 0.0004 

-4.0193e-05 -0.00257307 0.0004 

4.03419e-05 -0.00192854 0.0004 

-1.28741e-05 -0.00083122 0.0004 

-7.86514e-05 0.00146781 0.0004 

-0.000110953 -0.000108237 0.0004 

1.30898e-05 -2.26203e-05 0.0004 

-1.43724e-05 -0.00154329 0.0004 

-6.36607e-05 -0.000701776 0.0004 

-7.63385e-05 0.000174657 0.0004 

9.06784e-05 -0.000536148 0.0004 

-5.11464e-05 0.00109045 0.0004 

-5.87098e-05 4.26415e-05 0.0004 

-9.51122e-05 0.000758606 0.0004 

0.00024156 -0.00010526 0.0004 

-9.04281e-06 0.000261914 0.0004 

-2.08627e-05 -0.00099023 0.0004 

4.78918e-05 0.000535506 0.0004 

3.45812e-05 0.00137884 0.0004 

0.000108825 -0.000677064 0.0004 

-5.16898e-05 1.38737e-05 0.0004 

9.95594e-05 0.00032866 0.0004 

1.40118e-05 -0.000246661 0.0004 

2.82151e-07 -0.000414986 0.0004 

-4.46645e-05 0.000242871 0.0004 

1.98423e-05 -0.000471987 0.0004 

0.000158466 0.00221349 0.0004 

0.000123512 0.00129734 0.0004 

-8.43987e-05 0.000685398 0.0004 

6.51843e-05 0.000422203 0.0004 

-3.94587e-05 0.000912424 0.0004 

-0.000142105 0.00057386 0.0004 

0.000202352 -0.000515542 0.0004 

7.31813e-05 0.000423429 0.0004 

-0.000122392 -0.000616081 0.0004 

-1.54674e-05 -0.000474847 0.0004 

-0.000193039 -0.00139649 0.0004 

-0.000199553 0.000874091 0.0004 

3.50209e-06 -0.00117469 0.0004 

-6.3808e-05 0.000938672 0.0004 

9.49748e-06 -0.00148055 0.0004 

4.48841e-05 0.000488327 0.0004 

4.52058e-06 0.000677069 0.0004 

-0.000216429 0.000717672 0.0004 

2.74191e-06 -0.00160836 0.0004 

6.32171e-06 -0.000740686 0.0004 

-3.07974e-05 0.000126661 0.0004 

-4.70712e-05 0.00162442 0.0004 

9.56927e-06 0.000393966 0.0004 

0.000162588 -0.00100171 0.0004 

5.70163e-05 0.00137084 0.0004 

-7.0707e-05 0.00122658 0.0004 

1.34252e-05 -0.00132211 0.0004 

6.20843e-05 0.000131826 0.0004 

-4.27151e-05 -0.00153899 0.0004 

2.42297e-05 -4.69609e-05 0.0004 

6.16e-05 6.28874e-05 0.0004 

-5.70222e-05 -0.0020926 0.0004 

-8.70579e-05 -0.00058666 0.0004 

-2.60203e-05 -0.000487553 0.0004 

-3.8837e-05 0.000587146 0.0004 

0.000102459 7.63069e-05 0.0004 

2.93373e-05 -0.00111665 0.0004 

9.30794e-05 0.000115485 0.0004 

-6.51547e-05 0.000562072 0.0004 

0.000191595 0.00137874 0.0004 

7.37447e-05 0.000444957 0.0004 

-2.97141e-05 -4.16355e-05 0.0004 

-5.81263e-07 2.86496e-05 0.0004 

-9.14232e-05 0.000865508 0.0004 

0.000188947 -0.000220402 0.0004 

1.46643e-05 -0.000360733 0.0004 

-7.00261e-05 -0.000326068 0.0004 

0.000102044 0.000772174 0.0004 

-7.44915e-05 0.000350843 0.0004 

0.000100021 -0.000183558 0.0004 

-0.00015085 0.00134244 0.0004 

-3.66737e-05 -0.000131838 0.0004 

-0.000208082 -0.000559868 0.0004 

0.000228796 -0.000525473 0.0004 

1.13563e-05 -9.87945e-05 0.0004 

-1.19359e-05 0.0013601 0.0004 

0.000133999 -0.0015259 0.0004 

-0.000112507 -0.00138247 0.0004 

-0.000109966 -0.000603793 0.0004 

2.82214e-05 0.000441336 0.0004 

6.98057e-05 -6.33286e-05 0.0004 

0.000232659 0.00146926 0.0004 

-3.13322e-05 1.08428e-05 0.0004 

4.97005e-05 -0.00144198 0.0004 

-4.82915e-05 0.00029977 0.0004 

0.00011837 0.000692858 0.0004 

7.86226e-07 -0.000757525 0.0004 

-4.70431e-05 -9.003e-05 0.0004 

7.90723e-05 0.000526154 0.0004 

-6.67848e-05 -0.000243548 0.0004 

2.21494e-05 0.000121243 0.0004 

-4.68396e-05 0.000235953 0.0004 

1.43179e-05 -0.00159754 0.0004 

0.000189206 -0.00137999 0.0004 

-0.000180959 0.000839104 0.0004 

8.8305e-06 -0.000570445 0.0004 

-7.84805e-05 0.00159034 0.0004 

-5.09477e-05 -0.00119896 0.0004 

9.41578e-05 0.00171807 0.0004 

5.68973e-05 0.00016549 0.0004 

-1.60059e-05 -0.000833473 0.0004 

-3.65926e-05 -0.000266549 0.0004 

-1.53398e-05 0.000833314 0.0004 

-8.04295e-05 0.000157418 0.0004 

4.08197e-05 0.00040402 0.0004 

-0.000100831 -0.00199278 0.0004 

-0.000126737 0.000717442 0.0004 

0.000202615 0.00143296 0.0004 

0.000172609 0.00168594 0.0004 

-8.65348e-05 -0.00118285 0.0004 

9.54536e-05 -0.000581413 0.0004 

-0.000141937 0.00223872 0.0004 

-7.85108e-05 0.00106583 0.0004 

0.000111957 0.00075292 0.0004 

-7.95792e-05 0.00100372 0.0004 

-1.91908e-06 -0.00105201 0.0004 

4.8825e-05 -0.00111238 0.0004 

-0.000137127 0.00104915 0.0004 

0.000118575 8.66997e-05 0.0004 

-3.43204e-05 8.73587e-05 0.0004 

-0.000210523 -0.00165039 0.0004 

6.01952e-05 5.79347e-05 0.0004 

6.82278e-05 -0.000946181 0.0004 

-1.30242e-06 0.000702708 0.0004 

0.000233633 4.42218e-06 0.0004 

-0.000103663 -0.00223678 0.0004 

-0.000185989 -0.0030037 0.0004 

-4.23766e-05 0.00103145 0.0004 

-4.09194e-05 -0.000213994 0.0004 

-2.79045e-05 0.00196822 0.0004 

5.33759e-05 -0.000843504 0.0004 

9.67352e-05 9.12382e-06 0.0004 

-7.51794e-06 0.000947787 0.0004 

-4.73529e-05 -0.00289899 0.0004 

-0.000174062 0.000176426 0.0004 

9.85908e-05 -0.000958442 0.0004 

-0.000113938 0.000500246 0.0004 

0.000109626 0.000973493 0.0004 

0.000144501 -1.34274e-05 0.0004 

2.90821e-05 -0.00148858 0.0004 

-0.000121336 -0.00054027 0.0004 

0.000140656 0.00144239 0.0004 

1.37102e-05 0.00039934 0.0004 

-9.45989e-05 -7.17482e-05 0.0004 

-0.000116246 0.00186314 0.0004 

-7.9298e-05 0.000109176 0.0004 

5.3636e-05 0.000117857 0.0004 

-2.35851e-05 0.00183332 0.0004 

0.000101834 0.00141861 0.0004 

-0.000105091 0.000942379 0.0004 

1.37812e-05 -0.000878604 0.0004 

0.00016557 -0.000833851 0.0004 

-3.71277e-05 4.74074e-05 0.0004 

-1.0556e-06 0.000554339 0.0004 

-8.91978e-05 -0.00278429 0.0004 

-8.45715e-05 0.00054525 0.0004 

6.40943e-05 0.0016095 0.0004 

6.98826e-05 -0.000186019 0.0004 

6.41114e-06 -0.000819363 0.0004 

-6.97886e-05 -0.000170136 0.0004 

0.000169884 -0.00108886 0.0004 

-3.52347e-05 -0.00163317 0.0004 

-7.53909e-05 0.000501564 0.0004 

-0.000111495 5.93813e-05 0.0004 

6.19398e-05 0.000885796 0.0004 

9.45099e-05 0.00158965 0.0004 

-5.6368e-05 0.000134583 0.0004 

7.61525e-05 -0.00110082 0.0004 

-9.23551e-05 0.00131391 0.0004 

-0.000111235 8.48623e-05 0.0004 

-4.44844e-05 0.00216894 0.0004 

0.00019699 0.000158342 0.0004 

-0.000157852 5.32711e-05 0.0004 

0.000100984 0.000696406 0.0004 

0.000102688 -0.000173174 0.0004 

0.000136551 0.00088245 0.0004 

-8.02362e-05 -0.000678236 0.0004 

2.62417e-05 -0.0012383 0.0004 

-4.77192e-05 0.00011187 0.0004 

-5.60366e-05 0.00175257 0.0004 

1.09521e-05 -0.000869403 0.0004 

6.88086e-05 0.00214828 0.0004 

4.45035e-05 -0.000975044 0.0004 

-6.87867e-05 -0.000154955 0.0004 

-1.28493e-05 0.000215116 0.0004 

5.07818e-05 0.00127909 0.0004 

2.75739e-06 -0.00092025 0.0004 

0.000140753 -5.98042e-05 0.0004 

-0.000103328 0.00133073 0.0004 

-5.28317e-05 -0.00040575 0.0004 

0.000159279 -0.00166099 0.0004 

0.000124048 0.000689606 0.0004 

7.85098e-05 -0.00142627 0.0004 

0.000127216 0.000298714 0.0004 

3.11838e-05 0.00141723 0.0004 

3.31286e-05 -0.000110096 0.0004 

-4.60255e-05 0.00101958 0.0004 

-1.22075e-05 -0.000273137 0.0004 

-6.67706e-05 -0.00066477 0.0004 

-0.000260493 -0.000396535 0.0004 

-3.74812e-05 -0.00059643 0.0004 

0.000100653 -8.01261e-05 0.0004 

4.9223e-05 -0.00135695 0.0004 

0.00010288 0.00274381 0.0004 

-4.00827e-05 0.00110308 0.0004 

-3.97159e-05 -0.0019809 0.0004 

3.92461e-05 -0.000855227 0.0004 

-2.8537e-05 -0.000487241 0.0004 

0.000114736 -0.000318515 0.0004 

4.97377e-05 -0.00094997 0.0004 

0.000139351 0.000480891 0.0004 

3.33696e-05 -0.000680213 0.0004 

9.04394e-05 0.000690349 0.0004 

5.84413e-05 0.000427129 0.0004 

-1.7552e-05 -0.00152756 0.0004 

-0.000141816 0.0016558 0.0004 

4.51425e-05 0.000465096 0.0004 

9.46276e-05 0.000565483 0.0004 

1.4074e-05 -0.00108018 0.0004 

5.14461e-05 0.00057399 0.0004 

7.83294e-05 -0.00126318 0.0004 

2.89312e-05 -2.04525e-05 0.0004 

8.83903e-05 -0.000347512 0.0004 

-7.0557e-05 -0.000984391 0.0004 

0.000152232 0.00196762 0.0004 

7.02552e-05 -0.00078178 0.0004 

4.46113e-05 -0.000285646 0.0004 

7.61618e-05 -0.000636031 0.0004 

5.7153e-05 -0.0021794 0.0004 

-7.62143e-05 -0.00144136 0.0004 

-0.000275279 0.000762679 0.0004 

6.49221e-05 6.42654e-05 0.0004 

1.32083e-05 -0.000272464 0.0004 

7.6516e-06 -0.00159268 0.0004 

4.09429e-05 -0.00100705 0.0004 

-7.05682e-05 0.000852488 0.0004 

5.54149e-05 -0.000134869 0.0004 

-0.000101412 0.000136492 0.0004 

-1.25029e-05 -0.000384477 0.0004 

-4.31471e-06 0.000277869 0.0004 

3.20662e-05 0.000173272 0.0004 

-0.000108032 0.000989186 0.0004 

1.5287e-05 -0.00180484 0.0004 

-1.74506e-05 5.28372e-05 0.0004 

4.23392e-05 -9.56245e-05 0.0004 

0.000202861 0.00066228 0.0004 

-0.000107004 0.000312746 0.0004 

0.0001741 -0.00179888 0.0004 

5.75836e-05 -0.00145569 0.0004 

5.15663e-05 0.000308739 0.0004 

-0.000105278 -0.000349222 0.0004 

3.97486e-05 -0.000631543 0.0004 

-9.69507e-05 0.00171293 0.0004 

0.000177992 -0.00135097 0.0004 

0.000155731 -0.000229205 0.0004 

-8.31182e-05 0.000782144 0.0004 

6.69951e-06 0.00295272 0.0004 

1.23535e-05 0.000496651 0.0004 

-4.975e-06 0.000103534 0.0004 

-4.36528e-05 0.001357 0.0004 

8.73112e-05 -0.000684401 0.0004 

-2.53402e-05 -0.000822881 0.0004 

-1.6705e-05 0.000915635 0.0004 

0.000129249 -0.000686634 0.0004 

0.000108699 0.000406177 0.0004 

7.3274e-05 0.000148015 0.0004 

5.30204e-05 0.000166185 0.0004 

-3.61182e-06 -0.000677511 0.0004 

-0.000161091 0.000671146 0.0004 

5.85201e-05 -0.000433719 0.0004 

-5.6406e-05 0.00170913 0.0004 

-1.11684e-05 0.0010031 0.0004 

0.000103606 -0.000327778 0.0004 

4.43347e-05 0.000593451 0.0004 

-6.77591e-06 -0.000768465 0.0004 

-7.31499e-05 -0.00013452 0.0004 

2.45135e-06 0.000684167 0.0004 

7.95121e-05 -9.92665e-05 0.0004 

-0.000197582 -0.000722926 0.0004 

0.000127207 0.00145213 0.0004 

-2.83901e-05 0.00098901 0.0004 

7.20335e-05 -0.000945534 0.0004 

-0.000128355 9.1142e-06 0.0004 

-0.000100843 -0.00130847 0.0004 

-2.16835e-05 -0.000759084 0.0004 

-7.99601e-05 0.000354613 0.0004 

2.77598e-05 -0.00107332 0.0004 

-0.000154069 5.23516e-05 0.0004 

0.000210006 0.000640424 0.0004 

-9.8509e-05 0.00109076 0.0004 

7.53581e-05 -0.000524845 0.0004 

1.53535e-05 -0.000446388 0.0004 

8.41117e-05 -0.00101352 0.0004 

5.97897e-05 -0.00139702 0.0004 

0.000108126 0.000611945 0.0004 

0.00010762 0.00141839 0.0004 

2.97953e-05 -0.000962616 0.0004 

-4.81248e-05 -0.000352711 0.0004 

4.75233e-05 -0.000755644 0.0004 

0.000172046 -0.000729632 0.0004 

4.73834e-05 0.000202883 0.0004 

0.000144195 -0.00147643 0.0004 

5.51071e-05 0.00134373 0.0004 

-0.000137657 -0.00114699 0.0004 

-3.14068e-05 -0.000275095 0.0004 

-5.17706e-06 0.000155959 0.0004 

0.000105462 0.000404485 0.0004 

0.000101111 -0.000341055 0.0004 

-7.59324e-05 -0.000481754 0.0004 

6.31353e-05 0.000449794 0.0004 

-8.94453e-05 0.00136826 0.0004 

-0.000140235 0.000425652 0.0004 

-6.20359e-05 0.00244746 0.0004 

-6.19138e-05 -0.000526457 0.0004 

0.000131531 0.00120173 0.0004 

-6.27291e-05 0.000224871 0.0004 

-6.91197e-06 0.00125336 0.0004 

6.17465e-05 -0.000620043 0.0004 

1.90964e-05 -0.000256206 0.0004 

-2.81365e-05 -4.8142e-05 0.0004 

4.20223e-05 -0.000712419 0.0004 

8.23941e-05 -0.00132266 0.0004 

9.23024e-06 3.09047e-06 0.0004 

5.81644e-05 -0.00069492 0.0004 

-2.49566e-05 -0.000981667 0.0004 

-7.68898e-06 -0.00204238 0.0004 

-9.5648e-05 0.00113029 0.0004 

0.000117685 0.000630816 0.0004 

-0.000125359 -0.00147333 0.0004 

-0.000123318 0.000649882 0.0004 

0.000259132 -0.000713465 0.0004 

0.000170621 0.000522251 0.0004 

-0.000270786 -2.46293e-05 0.0004 

-1.66653e-05 -0.000319299 0.0004 

-8.30541e-05 0.00119996 0.0004 

6.23288e-05 0.00112934 0.0004 

4.03584e-05 -0.00139291 0.0004 

-4.18846e-05 -0.0023153 0.0004 

-7.50454e-05 4.85007e-05 0.0004 

-9.70742e-05 -0.00118239 0.0004 

-0.00014414 0.000279415 0.0004 

3.94466e-05 -0.00195574 0.0004 

2.7459e-05 -0.000697623 0.0004 

0.000107779 0.0014314 0.0004 

-3.8895e-05 0.00187116 0.0004 

-0.000172901 0.000142688 0.0004 

1.28382e-05 -0.000470589 0.0004 

-0.000137547 0.000568894 0.0004 

-4.83541e-06 0.00160876 0.0004 

-8.15184e-05 0.00108723 0.0004 

-9.48699e-06 0.00107962 0.0004 

7.54328e-05 -0.000197364 0.0004 

-3.46686e-05 0.000244325 0.0004 

3.16922e-05 -0.000438211 0.0004 

-6.77769e-05 -0.000194695 0.0004 

-9.40435e-05 0.000710544 0.0004 

0.000149954 0.000608591 0.0004 

-5.74584e-05 6.2285e-05 0.0004 

0.000104845 0.002124 0.0004 

0.000219642 0.00149966 0.0004 

-4.24223e-05 -0.000457095 0.0004 

-6.96567e-05 -0.00140151 0.0004 

-0.000137816 -0.00195156 0.0004 

0.000114577 0.00145081 0.0004 

2.16307e-05 -0.00040949 0.0004 

-9.71832e-05 0.000624832 0.0004 

-6.86475e-05 0.000832442 0.0004 

-0.000172343 -0.00128131 0.0004 

8.68684e-07 -0.00126599 0.0004 

8.41546e-05 -2.22692e-05 0.0004 

3.99668e-05 -0.00118706 0.0004 

7.19846e-05 -0.00142043 0.0004 

-5.4515e-05 0.000324644 0.0004 

-9.56444e-06 -0.00139279 0.0004 

5.30995e-05 0.000486403 0.0004 

0.000121748 0.00197932 0.0004 

-0.000132935 -0.00013381 0.0004 

-2.30776e-06 0.000627385 0.0004 

-2.88595e-05 0.000259554 0.0004 

-3.2787e-05 -0.00231427 0.0004 

9.60787e-05 -0.000788466 0.0004 

3.34833e-05 -0.000222006 0.0004 

-0.000129633 0.000385039 0.0004 

-1.96132e-06 -0.000291439 0.0004 

5.10787e-06 0.00107158 0.0004 

0.000141333 0.000892341 0.0004 

2.09456e-05 -0.000420405 0.0004 

-1.52943e-05 -0.000746993 0.0004 

-0.000106171 0.00116344 0.0004 

-3.911e-05 -0.00256051 0.0004 

-0.000171809 -0.000126379 0.0004 

0.000118941 0.000977338 0.0004 

9.54737e-05 -0.000165187 0.0004 

0.000187031 0.000148 0.0004 

8.60043e-05 -0.000171156 0.0004 

0.000135676 0.00019551 0.0004 

-7.40873e-05 0.000457118 0.0004 

3.53112e-05 0.000820531 0.0004 

3.01331e-05 -0.000461509 0.0004 

-4.74215e-05 -0.00113981 0.0004 

-0.000102556 0.00054096 0.0004 

0.000124561 -0.000382991 0.0004 

-0.000213071 -0.000208006 0.0004 

0.00013703 7.16325e-05 0.0004 

0.000141072 0.000354663 0.0004 

0.000155857 -0.00230072 0.0004 

7.18196e-05 5.61452e-05 0.0004 

4.95519e-05 -0.00133786 0.0004 

2.12279e-05 0.000438498 0.0004 

-7.88428e-05 -0.000248879 0.0004 

1.50098e-05 -0.000471301 0.0004 

1.88254e-05 -0.000487961 0.0004 

-0.000108814 0.000671078 0.0004 

-8.35652e-05 0.000649974 0.0004 

4.81717e-05 0.000559215 0.0004 

-0.000145694 -6.54639e-05 0.0004 

5.54675e-05 -0.000671943 0.0004 

7.18399e-05 0.000227326 0.0004 

2.23875e-05 9.60398e-05 0.0004 

-6.01358e-05 0.000459073 0.0004 

2.75524e-05 0.000458358 0.0004 

0.000135189 0.000811115 0.0004 

5.63083e-05 -0.000437101 0.0004 

-2.90336e-05 -0.00226537 0.0004 

0.00016458 -0.00161519 0.0004 

-6.34876e-06 -0.00113916 0.0004 

3.42384e-05 -0.00131168 0.0004 

3.13282e-05 0.00105945 0.0004 

-8.95434e-05 -0.000801246 0.0004 

2.04774e-06 -0.00020031 0.0004 

5.87498e-05 -0.0014549 0.0004 

0.00011311 0.000224773 0.0004 

-0.000104441 0.000495736 0.0004 

4.70385e-05 -0.000723818 0.0004 

5.93646e-05 0.00111628 0.0004 

-8.4749e-05 -0.00229589 0.0004 

1.48105e-05 -0.000213006 0.0004 

4.00841e-05 -8.12553e-05 0.0004 

-0.000151022 -0.00084085 0.0004 

2.54024e-05 0.00175857 0.0004 

-2.29333e-05 0.000114282 0.0004 

-0.000162887 -0.000300137 0.0004 

4.06034e-05 -0.00180623 0.0004 

-0.000126263 -0.00174319 0.0004 

-0.000127841 0.000898963 0.0004 

6.6951e-05 -0.000337532 0.0004 

8.249e-06 -0.000159431 0.0004 

-0.00012882 -0.00140472 0.0004 

-3.02798e-05 -0.000174298 0.0004 

1.39675e-05 0.000905406 0.0004 

0.000105653 0.00150791 0.0004 

0.000179224 0.00117751 0.0004 

0.000303533 -0.000662724 0.0004 

1.0162e-05 -0.00043694 0.0004 

8.55384e-05 -0.000246599 0.0004 

-9.64195e-05 -0.000245584 0.0004 

-2.21371e-05 0.000417717 0.0004 

-0.000118606 0.000152367 0.0004 

-0.000145553 0.000498692 0.0004 

9.79109e-05 7.13514e-05 0.0004 

6.78512e-05 -0.00112097 0.0004 

1.28927e-05 -0.000477505 0.0004 

2.07002e-05 -0.0012051 0.0004 

0.000163235 0.000342506 0.0004 

0.000121482 -0.000966928 0.0004 

2.33095e-05 -0.00232736 0.0004 

-6.11829e-06 -0.00163538 0.0004 

2.73087e-05 8.61079e-05 0.0004 

-8.9414e-06 -0.000476423 0.0004 

-5.03341e-05 -0.000129004 0.0004 

-8.64283e-05 -0.000251218 0.0004 

-3.65708e-06 2.96645e-05 0.0004 

0.000107455 -0.000533657 0.0004 

-0.000157917 -0.000598227 0.0004 

4.42882e-05 0.00106428 0.0004 

-1.75963e-05 -7.22089e-05 0.0004 

-5.41324e-05 0.00062093 0.0004 

-7.90231e-05 0.000552496 0.0004 

0.000185866 -0.00167074 0.0004 

-3.35067e-05 -0.0013314 0.0004 

-8.16566e-06 0.00194973 0.0004 

5.85307e-06 -0.00064467 0.0004 

-3.31715e-05 -0.000470927 0.0004 

0.000112045 -0.000345168 0.0004 

-6.64244e-05 -0.000456774 0.0004 

-1.20344e-05 -0.000157499 0.0004 

0.000160563 0.00153582 0.0004 

-3.67976e-05 -0.0016429 0.0004 

-0.000124839 -0.000494353 0.0004 

-5.46643e-05 0.000953392 0.0004 

-0.000121444 0.000250758 0.0004 

5.27959e-05 -0.000722066 0.0004 

4.11336e-05 -0.00233676 0.0004 

3.31303e-05 -0.000463813 0.0004 

-6.45596e-05 0.00197192 0.0004 

-5.6877e-05 -0.000982748 0.0004 

-0.000104633 -0.000214658 0.0004 

5.61778e-05 0.00163164 0.0004 

-0.000210181 0.000360372 0.0004 

0.000243089 0.00129261 0.0004 

-4.3044e-05 0.00296534 0.0004 

-0.000112577 0.00110695 0.0004 

0.000113488 0.000800673 0.0004 

1.23713e-06 3.1607e-05 0.0004 

-4.9888e-05 0.00169578 0.0004 

-5.47084e-05 0.00072711 0.0004 

-0.00020041 -0.000211606 0.0004 

-0.000119595 -0.00116772 0.0004 

0.000200206 -0.000119408 0.0004 

9.2112e-05 -0.000919963 0.0004 

-5.81623e-05 0.000496268 0.0004 

-6.69259e-05 0.00112062 0.0004 

7.59615e-05 0.00177925 0.0004 

6.99273e-05 -0.00179309 0.0004 

7.54427e-06 -0.000160546 0.0004 

6.92917e-05 -0.000137612 0.0004 

1.54821e-05 0.000173328 0.0004 

0.000189406 0.00166665 0.0004 

0.000158227 -0.000582314 0.0004 

-7.42581e-05 0.00104728 0.0004 

-9.60796e-05 -0.000296226 0.0004 

-0.000214124 0.00039435 0.0004 

-0.000125059 -0.00120607 0.0004 

-6.8076e-05 0.00054214 0.0004 

6.73788e-05 -0.00137027 0.0004 

-1.12469e-05 0.00031872 0.0004 

1.77096e-05 -0.000607249 0.0004 

-6.56679e-05 0.000494802 0.0004 

-0.000106409 0.000234537 0.0004 

0.000102829 -0.000132037 0.0004 

-9.20209e-05 0.000512478 0.0004 

3.7574e-05 -0.0016798 0.0004 

8.23159e-05 0.000487885 0.0004 

-2.80976e-05 -0.000689166 0.0004 

0.000178824 -0.00161326 0.0004 

-1.26773e-05 0.00139897 0.0004 

-6.49634e-05 -0.00112194 0.0004 

-3.27158e-05 -0.000577621 0.0004 

-6.95027e-05 -0.000200508 0.0004 

-0.000136233 0.000931338 0.0004 

0.000182704 0.000287316 0.0004 

3.91475e-05 -0.00023101 0.0004 

0.000160779 0.000355099 0.0004 

0.000164551 -0.00200383 0.0004 

3.81871e-05 -0.00157663 0.0004 

8.42701e-05 -0.000478567 0.0004 

-6.61726e-05 0.00134398 0.0004 

0.0001318 3.25581e-05 0.0004 

0.000213143 4.97786e-05 0.0004 

4.74034e-05 -0.000624913 0.0004 

2.43635e-05 0.000502573 0.0004 

6.95196e-06 0.00114242 0.0004 

1.95227e-05 0.00149439 0.0004 

-5.80094e-06 -2.6196e-07 0.0004 

0.00010945 -0.000604046 0.0004 

-5.69857e-05 0.00145579 0.0004 

-7.17833e-05 0.00107444 0.0004 

-0.000107559 0.000611275 0.0004 

5.23427e-05 0.000349729 0.0004 

0.000138319 -0.00216407 0.0004 

8.28782e-05 0.000734992 0.0004 

8.14168e-05 0.000854594 0.0004 

-0.000116316 0.000880652 0.0004 

0.00022302 0.000253154 0.0004 

8.44853e-05 0.000689065 0.0004 

-6.30933e-05 -0.00114951 0.0004 

-0.000129244 -7.51736e-05 0.0004 

-0.00013657 0.000268656 0.0004 

1.15757e-05 -0.000354669 0.0004 

-2.57092e-05 0.000700638 0.0004 

-6.34308e-05 -0.00151092 0.0004 

4.37877e-05 0.000464372 0.0004 

-7.90834e-06 -0.000547627 0.0004 

3.64111e-05 0.000286475 0.0004 

0.000109529 0.000460138 0.0004 

-4.3743e-05 -0.00168996 0.0004 

-0.000166085 -0.000949681 0.0004 

6.63125e-05 -0.00134476 0.0004 

-7.75393e-05 -0.00177063 0.0004 

-9.76767e-05 -0.000948431 0.0004 

1.84779e-05 -0.00031051 0.0004 

4.15156e-05 0.00132719 0.0004 

-4.90711e-05 0.000321113 0.0004 

-0.000143113 4.7838e-05 0.0004 

0.000235372 -4.77749e-05 0.0004 

-2.06644e-05 0.00222238 0.0004 

8.51505e-05 0.00127165 0.0004 

7.62467e-05 0.000611937 0.0004 

-1.14341e-05 -0.00041532 0.0004 

-1.69937e-05 0.000550734 0.0004 

0.000243847 0.000469185 0.0004 

0.000127526 0.000682866 0.0004 

3.5058e-05 0.00135843 0.0004 

-5.36108e-05 0.00160959 0.0004 

1.21847e-05 -0.000449974 0.0004 

-0.000189336 -0.000246852 0.0004 

0.000150227 -7.84816e-05 0.0004 

-7.17211e-05 0.000923538 0.0004 

0.000147116 -0.000726324 0.0004 

-6.38157e-05 0.000377095 0.0004 

2.19683e-05 0.000967865 0.0004 

0.000115273 -2.53861e-05 0.0004 

3.41888e-05 -0.0020079 0.0004 

7.24228e-05 0.00316624 0.0004 

0.000156288 0.000826575 0.0004 

-4.10244e-05 0.000101343 0.0004 

0.000146602 0.000272906 0.0004 

-9.22844e-05 -0.00137801 0.0004 

3.31968e-05 -0.000276272 0.0004 

-7.79193e-05 -0.00115514 0.0004 

0.000205665 -0.000774034 0.0004 

6.24407e-05 4.92964e-05 0.0004 

0.000181186 0.00150616 0.0004 

-0.000132218 0.00040739 0.0004 

-0.000130923 -0.00083607 0.0004 

6.10498e-05 0.00015391 0.0004 

-9.75565e-05 -0.000255028 0.0004 

-0.000103901 0.000603304 0.0004 

0.00011239 0.00135499 0.0004 

9.10228e-05 7.23527e-06 0.0004 

2.17662e-06 -0.000630375 0.0004 

-0.000105485 0.000219009 0.0004 

-7.84603e-05 0.000675442 0.0004 

-3.22658e-05 -0.000791683 0.0004 

-1.78679e-05 -9.27825e-05 0.0004 

-3.10236e-05 4.962e-05 0.0004 

-9.91641e-05 -0.00064234 0.0004 

0.000143224 0.000915093 0.0004 

-0.000224874 -0.00222874 0.0004 

5.93245e-05 0.000910483 0.0004 

-0.000106593 0.00026502 0.0004 

-0.000129185 -0.00102367 0.0004 

-1.10456e-05 0.000517126 0.0004 

2.00279e-05 -0.000306118 0.0004 

6.00578e-05 0.000379265 0.0004 

-4.88918e-05 -0.00162758 0.0004 

-0.000190579 -0.000730991 0.0004 

5.0045e-05 0.000254601 0.0004 

0.000131834 0.000660676 0.0004 

9.10012e-06 0.000189572 0.0004 

-3.82532e-05 -0.000579032 0.0004 

3.79789e-05 0.000416905 0.0004 

-5.09049e-05 0.00117541 0.0004 

-1.95401e-05 -0.000386389 0.0004 

-7.15232e-05 -0.00034324 0.0004 

0.000105858 0.000850095 0.0004 

-4.65195e-05 -0.00116446 0.0004 

0.000203279 -0.0019658 0.0004 

-8.65423e-05 9.92969e-05 0.0004 

4.673e-05 -0.0012809 0.0004 

-9.65244e-05 -0.0010327 0.0004 

-7.31784e-06 -0.00185145 0.0004 

7.9636e-05 0.000391621 0.0004 

-0.00015963 -0.000112386 0.0004 

-5.89141e-06 -0.000350494 0.0004 

-5.98043e-05 0.000875097 0.0004 

6.45559e-05 -0.00159355 0.0004 

-0.00015449 0.000884245 0.0004 

2.76949e-05 -0.00137686 0.0004 

-4.71104e-06 -1.30512e-05 0.0004 

8.21998e-05 6.68766e-05 0.0004 

-5.8433e-05 0.000423795 0.0004 

-8.50393e-05 -0.00196861 0.0004 

-8.54521e-05 0.000732758 0.0004 

-7.07871e-05 -0.000985821 0.0004 

5.5033e-06 0.000563737 0.0004 

1.9764e-05 0.00134926 0.0004 

0.000124422 -0.000107232 0.0004 

-3.45356e-05 -0.000853807 0.0004 

7.38342e-05 3.89823e-05 0.0004 

-3.56637e-05 -0.000534769 0.0004 

-0.000190084 -0.000755119 0.0004 

3.38956e-05 -0.000742397 0.0004 

6.92472e-05 0.000282676 0.0004 

-2.48355e-05 -0.00165153 0.0004 

8.63537e-05 -6.99555e-05 0.0004 

-5.91687e-05 0.00108277 0.0004 

5.42347e-06 0.000327228 0.0004 

1.59219e-05 0.000549342 0.0004 

-3.16302e-05 -0.000148562 0.0004 

0.000118719 -0.00036715 0.0004 

3.98891e-05 0.00170244 0.0004 

-0.000187336 -0.000539995 0.0004 

1.65353e-05 0.00101976 0.0004 

-0.000133549 0.00199124 0.0004 

-4.98759e-05 5.64812e-05 0.0004 

0.000143347 -0.000881884 0.0004 

-2.93641e-05 0.00122006 0.0004 

4.64649e-05 0.000603118 0.0004 

3.94816e-05 -0.00084527 0.0004 

0.000102869 0.000599345 0.0004 

-6.64508e-05 0.00200234 0.0004 

-0.000100363 0.000507697 0.0004 

-0.000112212 -0.000756927 0.0004 

4.6278e-05 -0.00143565 0.0004 

-0.000113774 -0.000866926 0.0004 

-8.42071e-05 0.000624752 0.0004 

0.000236062 -0.00107971 0.0004 

-0.000112957 -0.000184467 0.0004 

-0.000315422 -2.31379e-05 0.0004 

9.45777e-05 -0.000968427 0.0004 

-0.000304745 -0.000362636 0.0004 

-0.000257287 0.000589653 0.0004 

5.11887e-05 0.000538785 0.0004 

-0.000110335 -9.7715e-05 0.0004 

-5.20651e-05 0.000212546 0.0004 

0.000156956 0.000725734 0.0004 

-4.63352e-05 0.000831677 0.0004 

-4.5596e-05 0.000354215 0.0004 

-0.000138999 0.00124863 0.0004 

-0.000193832 -0.00106469 0.0004 

9.87288e-05 5.50186e-05 0.0004 

5.7334e-05 0.00116953 0.0004 

-6.06572e-05 0.00181324 0.0004 

0.000115985 0.000374861 0.0004 

-0.000106675 2.5004e-06 0.0004 

8.75774e-05 -6.46001e-05 0.0004 

-3.32414e-05 7.68184e-06 0.0004 

0.000112813 0.00251113 0.0004 

0.000125229 -0.00080838 0.0004 

-3.85892e-05 -0.000306734 0.0004 

1.09792e-05 -0.00136211 0.0004 

-0.000155419 -0.000397906 0.0004 

-0.000136761 -6.30034e-05 0.0004 

-1.57348e-05 -0.000524769 0.0004 

-9.6829e-05 -0.000193847 0.0004 

0.000320633 -0.000756973 0.0004 

2.48255e-05 8.14319e-05 0.0004 

0.000103222 -0.000178794 0.0004 

4.78039e-05 -0.000214157 0.0004 

0.00019766 0.000121854 0.0004 

-1.99376e-05 -0.000934973 0.0004 

-5.43391e-05 -0.000566226 0.0004 

0.000107806 4.79122e-05 0.0004 

-0.000131762 0.000325528 0.0004 

2.88845e-05 0.000909213 0.0004 

2.89276e-05 0.00215038 0.0004 

-0.000122812 0.000157914 0.0004 

0.000153016 0.000456409 0.0004 

1.23512e-05 -0.00216983 0.0004 

-0.000137903 0.000597592 0.0004 

-0.000206248 -0.000927234 0.0004 

0.0001323 -0.000596083 0.0004 

-0.000121278 0.000687373 0.0004 

5.26792e-05 -9.47094e-05 0.0004 

-2.17136e-05 -0.00038191 0.0004 

-5.49663e-05 0.00145682 0.0004 

0.000181481 -0.00023733 0.0004 

5.23126e-05 -0.000185381 0.0004 

-0.000103243 -0.00133959 0.0004 

7.16126e-05 0.000731277 0.0004 

-3.43894e-05 -0.00199086 0.0004 

3.19613e-05 -0.00213847 0.0004 

-8.4072e-05 -0.00104043 0.0004 

5.97493e-05 0.00049623 0.0004 

7.05111e-05 -0.000689832 0.0004 

-3.66013e-05 -0.0010355 0.0004 

-0.000127769 0.000973124 0.0004 

0.000222763 0.000257838 0.0004 

-2.25503e-05 0.00162926 0.0004 

-3.05674e-05 0.000540015 0.0004 

2.66218e-05 -0.000133918 0.0004 

-9.60777e-05 0.000813769 0.0004 

1.03853e-05 0.000745951 0.0004 

3.19218e-05 0.000756589 0.0004 

0.000136457 0.000852763 0.0004 

8.53155e-05 5.68058e-05 0.0004 

-1.87075e-05 0.000285883 0.0004 

0.000111055 -0.00123633 0.0004 

0.000106247 -0.00087179 0.0004 

0.000150178 -0.00039444 0.0004 

-6.52141e-05 -0.000392562 0.0004 

0.000142728 0.000845862 0.0004 

-0.000149735 0.000299739 0.0004 

5.06993e-06 -0.00127586 0.0004 

-0.000192035 0.00123739 0.0004 

3.56062e-05 0.00083187 0.0004 

-9.26474e-05 0.000458568 0.0004 

0.000124828 -0.00118321 0.0004 

0.000119688 0.00151986 0.0004 

4.10141e-05 0.000411121 0.0004 

0.000120892 -0.000682403 0.0004 

7.62355e-05 0.000390312 0.0004 

-4.91757e-05 0.00152939 0.0004 

0.000140095 -0.00155193 0.0004 

4.96374e-05 -0.000125081 0.0004 

-0.000244147 2.70759e-05 0.0004 

8.88755e-05 -0.000121605 0.0004 

4.7452e-05 0.00096557 0.0004 

2.18179e-05 -0.000705449 0.0004 

-2.65197e-05 0.000430137 0.0004 

-4.98511e-05 -0.00063202 0.0004 

-6.66831e-05 0.000504088 0.0004 

-0.000136697 0.00025265 0.0004 

6.58153e-06 0.000507823 0.0004 

-4.27317e-05 -0.000465875 0.0004 

6.77131e-05 -0.000142116 0.0004 

-5.43375e-05 0.00215876 0.0004 

4.95454e-05 0.000800874 0.0004 

-5.28749e-05 0.000650751 0.0004 

-0.00012443 -0.000963856 0.0004 

6.57902e-06 0.00202282 0.0004 

-7.1768e-05 -0.00080192 0.0004 

-9.25327e-05 0.000863765 0.0004 

-0.00013991 -0.000816781 0.0004 

9.62105e-05 0.000722326 0.0004 

-2.4502e-05 -0.000656622 0.0004 

-6.15443e-05 -0.000416223 0.0004 

4.12604e-06 0.000123811 0.0004 

0.000141819 0.00152358 0.0004 

-4.61782e-05 0.000655986 0.0004 

8.65504e-05 -0.00030614 0.0004 

9.25554e-06 0.00145528 0.0004 

7.14076e-05 -0.000387655 0.0004 

0.000129747 -0.000889442 0.0004 

2.97161e-05 -1.10736e-06 0.0004 

0.000230496 -0.00102586 0.0004 

-6.90352e-05 -0.000755506 0.0004 

0.000163902 7.05533e-05 0.0004 

7.59025e-05 3.39458e-05 0.0004 

1.75794e-06 -0.000800665 0.0004 

-1.37165e-05 -0.00128752 0.0004 

8.3756e-05 -0.000405656 0.0004 

-7.20766e-05 0.000755803 0.0004 

0.000208339 -0.000174716 0.0004 

6.42145e-05 -0.0011028 0.0004 

-8.51785e-05 -0.000228219 0.0004 

6.5578e-05 -0.00329897 0.0004 

-8.21402e-06 0.00157306 0.0004 

-0.000129273 -0.000811936 0.0004 

-8.39064e-05 -1.50555e-05 0.0004 

-1.00039e-05 -0.00066152 0.0004 

6.81184e-05 -0.00055948 0.0004 

-0.000167474 -0.000651318 0.0004 

-0.000113048 -0.00153522 0.0004 

5.6189e-05 0.000881753 0.0004 

-1.95542e-05 0.00127117 0.0004 

4.04157e-05 0.000149916 0.0004 

-0.000149801 0.00132809 0.0004 

-0.00014522 0.00138326 0.0004 

-6.02567e-05 0.000507211 0.0004 

2.71265e-05 -0.000826468 0.0004 

-3.4907e-05 0.000161097 0.0004 

5.88532e-06 -0.000292035 0.0004 

-0.000192038 0.000824432 0.0004 

2.19327e-05 -0.00173574 0.0004 

-0.000188042 -0.000833753 0.0004 

-9.41351e-05 0.000912252 0.0004 

-0.000197187 -0.000187109 0.0004 

5.83932e-05 0.000180282 0.0004 

-0.000108132 0.000539929 0.0004 

8.50067e-05 0.000751958 0.0004 

1.6893e-05 -0.00183948 0.0004 

-9.71028e-05 0.000152784 0.0004 

0.000131617 0.000348875 0.0004 

8.59689e-05 0.000419261 0.0004 

-7.75401e-06 0.000261256 0.0004 

0.000139328 -6.36181e-05 0.0004 

9.84278e-05 0.00107004 0.0004 

-5.64134e-05 -0.000589968 0.0004 

-6.6548e-05 7.18034e-05 0.0004 

-9.73311e-05 0.000153465 0.0004 

9.99375e-05 -0.000619765 0.0004 

0.000135056 0.000124506 0.0004 

-1.3918e-05 0.000121001 0.0004 

-8.75126e-05 -0.00195021 0.0004 

7.44948e-05 -8.71789e-05 0.0004 

-0.000157393 -0.00117064 0.0004 

-0.000120932 0.000733696 0.0004 

4.83038e-05 0.000438572 0.0004 

1.06244e-06 -0.000443453 0.0004 

5.98725e-05 0.000766473 0.0004 

0.000109891 0.0011446 0.0004 

0.00013944 -0.000512718 0.0004 

2.41077e-05 -0.0015064 0.0004 

8.97752e-05 -9.41816e-05 0.0004 

6.42448e-06 0.000495706 0.0004 

-0.000136555 0.00104739 0.0004 

1.91474e-05 -0.000188724 0.0004 

-0.000124614 -0.000173265 0.0004 

0.000213095 -0.000136919 0.0004 

-1.51052e-05 1.73707e-06 0.0004 

5.49292e-05 -0.000609704 0.0004 

-0.000247722 -0.00138385 0.0004 

-4.48047e-05 -0.000268885 0.0004 

-2.27134e-06 -0.000623136 0.0004 

-2.16684e-05 0.0014574 0.0004 

-0.000166565 0.000766319 0.0004 

-7.01603e-05 0.00204381 0.0004 

8.57941e-05 -0.000774117 0.0004 

-0.000117185 0.00111498 0.0004 

-6.40999e-05 0.000273629 0.0004 

0.000139655 -0.00124493 0.0004 

-3.47115e-05 -9.37039e-06 0.0004 

0.000185735 -0.000583602 0.0004 

8.26617e-05 -0.000589515 0.0004 

8.93638e-05 -0.00037152 0.0004 

3.50381e-05 -0.000947534 0.0004 

-0.000130582 -0.000693965 0.0004 

6.15908e-05 -0.000662995 0.0004 

-3.10009e-05 0.00214569 0.0004 

-0.000168262 0.00106557 0.0004 

3.33999e-05 0.00122308 0.0004 

-5.99752e-06 -2.19917e-05 0.0004 

8.84921e-05 6.08176e-05 0.0004 

0.000116222 -0.00124457 0.0004 

0.00010612 0.000945824 0.0004 

-7.26432e-05 -0.000658315 0.0004 

-2.83408e-05 0.000608593 0.0004 

3.68712e-05 -0.000141428 0.0004 

3.2442e-05 -0.000913782 0.0004 

0.000205406 -0.000667269 0.0004 

-0.000162098 -0.00020664 0.0004 

1.17974e-05 0.00104267 0.0004 

2.49756e-05 0.00130572 0.0004 

-9.80266e-05 -8.37626e-05 0.0004 

-6.80495e-06 0.000227482 0.0004 

0.000143457 0.00172583 0.0004 

-3.5029e-05 -0.000756045 0.0004 

-1.85635e-05 0.00057815 0.0004 

-6.66568e-05 -0.00108993 0.0004 

3.73293e-05 0.000447615 0.0004 

-0.000281904 0.00102518 0.0004 

3.94659e-05 -0.000985082 0.0004 

-5.2484e-05 0.001547 0.0004 

1.6526e-05 0.000318126 0.0004 

1.94471e-06 0.00180596 0.0004 

-7.21114e-05 0.000422233 0.0004 

-3.52079e-05 -0.000228785 0.0004 

-3.40175e-05 -0.000733749 0.0004 

0.000198168 -0.00135583 0.0004 

-4.81419e-05 0.000419798 0.0004 

-0.000183356 -0.000688279 0.0004 

-0.000139692 -0.000826517 0.0004 

0.000225232 3.67454e-05 0.0004 

-0.000293094 -0.000892285 0.0004 

-1.61993e-05 -0.000103628 0.0004 

-6.29871e-05 -0.000708275 0.0004 

1.2189e-06 0.000590702 0.0004 

-0.000117343 -2.77837e-05 0.0004 

-4.99178e-05 0.000885408 0.0004 

-5.88959e-05 0.000621904 0.0004 

-0.000127708 0.00196768 0.0004 

0.000126978 0.00115458 0.0004 

4.09969e-05 -0.000463809 0.0004 

-2.24085e-05 -0.000440633 0.0004 

2.9657e-05 0.000173287 0.0004 

-3.47071e-05 0.000312565 0.0004 

0.000104543 -0.00223689 0.0004 

-8.75965e-06 -0.000536823 0.0004 

1.85776e-05 0.00122554 0.0004 

0.000152148 0.00138636 0.0004 

-5.11897e-05 0.000470045 0.0004 

-6.8564e-05 -0.00118001 0.0004 

4.9878e-05 0.00100175 0.0004 

7.74446e-05 -0.000348629 0.0004 

-0.000135032 0.000196969 0.0004 

-0.000247737 0.00103779 0.0004 

0.000254691 -0.000560065 0.0004 

-0.00035502 0.000729935 0.0004 

0.000140411 0.000634032 0.0004 

-0.00022257 -0.00140801 0.0004 

-5.26328e-05 0.000465939 0.0004 

-0.000115327 0.000205229 0.0004 

6.53603e-05 0.00149952 0.0004 

-2.72684e-05 0.00101582 0.0004 

-4.91282e-05 -0.000377763 0.0004 

9.67213e-06 0.00232537 0.0004 

0.000133876 0.000852719 0.0004 

-0.000157433 0.00218592 0.0004 

8.73904e-05 -0.000531372 0.0004 

-4.71711e-05 0.000449075 0.0004 

9.80376e-05 0.000264264 0.0004 

-0.0001197 -0.000727324 0.0004 

3.1007e-05 -0.000568019 0.0004 

4.94407e-05 -0.000524637 0.0004 

-0.00015312 -0.000855635 0.0004 

2.88016e-05 0.00108406 0.0004 

4.07505e-05 2.14832e-05 0.0004 

-0.000142947 0.00143642 0.0004 

8.51903e-05 -0.000176594 0.0004 

-0.000113197 -0.00064673 0.0004 

3.89993e-05 -0.000500578 0.0004 

-1.42494e-06 0.00191876 0.0004 

-7.08034e-05 -0.000296985 0.0004 

-4.2789e-06 0.000587987 0.0004 

-7.41418e-06 -0.000528001 0.0004 

8.93995e-05 -0.00143581 0.0004 

-0.000131214 -0.000106614 0.0004 

-0.000145381 -0.00298631 0.0004 

6.66884e-05 0.000450054 0.0004 

-0.000113196 0.0015467 0.0004 

-0.000159961 0.00114129 0.0004 

0.00015313 0.00170971 0.0004 

0.000111568 -0.000718692 0.0004 

-0.000126458 -9.94077e-05 0.0004 

2.38993e-05 -0.000385262 0.0004 

-1.53109e-05 0.00214963 0.0004 

7.27222e-05 0.00169231 0.0004 

0.000280446 6.89175e-05 0.0004 

4.35728e-05 -0.000265579 0.0004 

-5.69449e-05 0.00138949 0.0004 

8.11753e-05 0.000624553 0.0004 

-1.66335e-05 -0.00160264 0.0004 

-9.73881e-05 0.000671477 0.0004 

2.542e-05 0.000450895 0.0004 

5.17485e-05 -0.000349066 0.0004 

-0.000181619 0.00275772 0.0004 

-0.000109751 -0.00104208 0.0004 

-5.12069e-05 0.000846693 0.0004 

-0.0001076 0.000791553 0.0004 

-0.000103512 -6.19436e-05 0.0004 

0.000107862 -0.000201083 0.0004 

2.30758e-05 -0.000619281 0.0004 

-1.34584e-05 0.000573998 0.0004 

-9.26951e-05 0.00240221 0.0004 

1.7339e-07 -7.59861e-05 0.0004 

-0.00012286 0.000849254 0.0004 

-0.000174943 -0.00128833 0.0004 

7.66355e-05 -0.00055186 0.0004 

7.4819e-05 -0.00290746 0.0004 

-6.00756e-05 -0.000197666 0.0004 

-0.000141231 0.0010473 0.0004 

-0.000113247 -0.000339614 0.0004 

-8.70521e-05 0.00210576 0.0004 

-0.000126714 -0.000306791 0.0004 

3.86439e-05 -0.000196933 0.0004 

9.393e-05 -0.000505597 0.0004 

4.88613e-05 -0.00146769 0.0004 

0.000234345 0.000296653 0.0004 

0.000106705 0.000408189 0.0004 

7.90877e-05 0.00123137 0.0004 

0.000229336 -0.00029579 0.0004 

-1.84409e-05 -0.000358645 0.0004 

7.99401e-06 -0.000832674 0.0004 

0.000220884 -9.44478e-05 0.0004 

-1.91895e-05 -4.87675e-05 0.0004 

-0.000133885 -0.00115424 0.0004 

0.0001073 0.000971901 0.0004 

-8.29054e-05 -0.00155486 0.0004 

-0.000120131 -0.00231804 0.0004 

4.75553e-05 -0.000939483 0.0004 

-9.82977e-05 -0.000866654 0.0004 

0.000154111 4.04091e-05 0.0004 

-3.28064e-05 0.00021336 0.0004 

0.000212819 0.00121017 0.0004 

2.18229e-05 -0.00228355 0.0004 

8.42714e-05 -0.000540983 0.0004 

-2.39916e-05 0.00226196 0.0004 

-8.59098e-06 0.000849891 0.0004 

-5.80684e-05 0.000631542 0.0004 

8.10775e-06 -0.00123517 0.0004 

-7.04778e-05 0.00130999 0.0004 

-6.43685e-06 0.000420914 0.0004 

6.04382e-05 0.00123671 0.0004 

2.82721e-05 -0.0015227 0.0004 

2.69664e-05 0.000182088 0.0004 

-0.000104517 -0.00271218 0.0004 

0.000258187 -0.00249315 0.0004 

2.53638e-05 0.000778576 0.0004 

-8.65381e-06 -5.13156e-05 0.0004 

-7.57561e-05 4.46714e-05 0.0004 

-1.77004e-05 -0.000393833 0.0004 

2.12628e-05 -7.70684e-05 0.0004 

6.81012e-05 0.000464491 0.0004 

0.000199 -0.000259988 0.0004 

-4.74036e-05 0.00118933 0.0004 

0.000204585 -2.83412e-05 0.0004 

0.0001223 0.000437783 0.0004 

-9.18672e-05 0.000907126 0.0004 

-0.000136536 0.000914875 0.0004 

7.72636e-06 0.00063349 0.0004 

-0.000204204 -0.000644351 0.0004 

0.000113186 -0.000529872 0.0004 

-0.000143813 0.00101381 0.0004 

-0.00023103 -0.000188524 0.0004 

-8.46361e-05 0.00125033 0.0004 

-4.53429e-05 -0.000193815 0.0004 

-3.5338e-05 -0.000217221 0.0004 

0.000126434 -0.00045623 0.0004 

5.40741e-05 -0.000374442 0.0004 

0.00012304 0.000342346 0.0004 

-2.78921e-05 0.000624019 0.0004 

-0.000204304 8.72312e-05 0.0004 

5.57544e-05 -0.000382205 0.0004 

-0.000102953 -0.00170392 0.0004 

0.000113888 -0.000231891 0.0004 

-6.48046e-05 -0.00078806 0.0004 

9.51074e-05 -0.000358462 0.0004 

-0.000101544 0.000787847 0.0004 

-0.000134098 -0.000442947 0.0004 

-7.56142e-05 -0.000331685 0.0004 

-0.000229195 -0.00255082 0.0004 

-0.000130549 0.00091845 0.0004 

-6.02335e-06 0.00160833 0.0004 

2.90151e-05 -0.000149163 0.0004 

-7.5302e-05 -0.000173402 0.0004 

-6.03048e-05 0.00162755 0.0004 

3.92185e-06 0.00027681 0.0004 

6.07599e-05 0.000751995 0.0004 

5.84227e-05 -0.00053942 0.0004 

-7.45104e-05 0.00113914 0.0004 

-0.000154641 0.000124315 0.0004 

-8.70656e-05 0.000568257 0.0004 

9.84802e-05 0.000801678 0.0004 

0.000217542 -0.000666705 0.0004 

-7.2908e-06 0.000940252 0.0004 

-5.64227e-05 0.000657603 0.0004 

-9.53468e-05 -4.42638e-05 0.0004 

8.14165e-05 -0.0012466 0.0004 

-3.51965e-05 -0.00025106 0.0004 

-9.24461e-05 4.40112e-05 0.0004 

-4.85645e-05 0.000957177 0.0004 

6.03794e-05 -0.00125629 0.0004 

-4.94964e-05 -0.000150024 0.0004 

-0.000163463 -1.55141e-06 0.0004 

-3.70816e-05 -0.00227322 0.0004 

0.000193106 -7.78198e-05 0.0004 

9.50885e-05 -0.000610953 0.0004 

-3.95495e-05 -0.000348187 0.0004 

0.000161672 -0.000319664 0.0004 

-0.000163118 0.00114113 0.0004 

0.000106351 0.000719713 0.0004 

-9.2263e-05 -0.000520451 0.0004 

0.000268325 0.000267154 0.0004 

0.000168259 0.000281509 0.0004 

9.65368e-05 0.00113107 0.0004 

-2.12202e-05 0.00110019 0.0004 

5.56054e-05 0.00106047 0.0004 

2.89556e-05 -0.00111765 0.0004 

0.000105327 -0.0012548 0.0004 

-5.93113e-05 0.000545476 0.0004 

0.00015235 -0.000571827 0.0004 

-1.5402e-05 -0.000549572 0.0004 

6.81617e-05 -0.000716878 0.0004 

-8.21898e-05 -0.000196024 0.0004 

-9.06046e-05 0.000835943 0.0004 

5.16015e-08 0.000993001 0.0004 

-0.000103743 -0.000371355 0.0004 

-0.000163037 0.000689982 0.0004 

2.8109e-05 -0.00101412 0.0004 

-2.31999e-05 -0.00125271 0.0004 

4.95766e-05 0.00140203 0.0004 

-6.60754e-05 0.00132906 0.0004 

1.34644e-05 -0.00046405 0.0004 

8.57153e-05 -0.000655656 0.0004 

-0.000155469 -0.00039188 0.0004 

-3.10237e-05 0.000121734 0.0004 

1.04335e-05 0.000552857 0.0004 

0.000102449 0.000478729 0.0004 

-7.75796e-05 0.000193152 0.0004 

-5.37415e-05 0.000381475 0.0004 

-7.87156e-05 0.000407145 0.0004 

-5.95687e-05 -0.0020179 0.0004 

5.50443e-05 -0.0011608 0.0004 

7.64039e-05 0.00130309 0.0004 

7.66588e-05 -0.000699307 0.0004 

0.000116237 0.000103832 0.0004 

-0.000153645 -5.47266e-05 0.0004 

-1.88581e-05 -0.000651879 0.0004 

-0.000144766 -0.00109206 0.0004 

-2.83535e-05 -0.000150022 0.0004 

3.16786e-05 0.00171567 0.0004 

1.82491e-06 0.00055282 0.0004 

6.91249e-05 -0.00149762 0.0004 

2.56444e-06 -0.00102361 0.0004 

-0.000174355 9.129e-05 0.0004 

-5.53358e-05 -0.00055132 0.0004 

-4.62307e-05 0.000394504 0.0004 

9.12401e-05 2.35112e-05 0.0004 

5.69439e-05 0.000137249 0.0004 

2.19725e-05 0.00135006 0.0004 

6.85806e-05 0.00121865 0.0004 

-5.01717e-05 0.000479205 0.0004 

-4.99197e-05 0.000249137 0.0004 

5.56079e-05 0.00142899 0.0004 

2.62317e-06 -0.000457117 0.0004 

8.04025e-05 -0.000417948 0.0004 

2.75347e-05 -0.00138523 0.0004 

-1.6767e-05 -0.000652239 0.0004 

0.000144729 0.00108762 0.0004 

-3.04047e-05 -4.94209e-05 0.0004 

-0.000175848 -0.000276995 0.0004 

9.30187e-05 -0.00011642 0.0004 

5.36234e-05 0.000543792 0.0004 

-9.42832e-06 -0.00142885 0.0004 

-0.000109676 -0.000839664 0.0004 

-5.68619e-05 0.000414564 0.0004 

-0.000200532 -0.000326419 0.0004 

-2.77292e-05 0.00058538 0.0004 

-0.000103818 0.000498396 0.0004 

7.66577e-05 0.00197454 0.0004 

-5.36074e-05 -0.000221764 0.0004 

4.6299e-06 0.000838258 0.0004 

-9.65465e-05 -5.16323e-06 0.0004 

-6.58088e-05 0.000306401 0.0004 

6.6636e-05 0.00138272 0.0004 

5.82091e-07 -0.000826737 0.0004 

-5.87587e-05 0.000752197 0.0004 

-4.84895e-05 0.000440411 0.0004 

-6.43025e-05 0.000225193 0.0004 

-8.62055e-05 -0.00061973 0.0004 

-9.94927e-05 0.000311755 0.0004 

1.46428e-05 0.000689099 0.0004 

-3.85216e-05 0.00161479 0.0004 

7.65243e-05 -0.00093407 0.0004 

5.25185e-05 0.000183084 0.0004 

-0.000107871 7.28e-05 0.0004 

5.20092e-06 -0.00154131 0.0004 

-3.36874e-05 0.000363057 0.0004 

0.00015581 -0.000112626 0.0004 

8.90231e-06 0.000933752 0.0004 

4.99796e-07 -0.00180589 0.0004 

-8.63957e-06 0.00193997 0.0004 

-8.03093e-06 0.000858303 0.0004 

2.39322e-05 -0.000456238 0.0004 

0.000107679 0.000515171 0.0004 

-0.000228013 0.00160898 0.0004 

-9.44159e-06 5.16788e-05 0.0004 

0.000119167 -0.00122128 0.0004 

0.000148038 0.000962576 0.0004 

-0.00011017 0.000895176 0.0004 

-0.000188338 -1.08458e-05 0.0004 

-7.32942e-05 0.000567072 0.0004 

-4.18662e-05 0.000963595 0.0004 

-1.24958e-05 0.00149336 0.0004 

9.03965e-06 0.000895251 0.0004 

0.000139407 0.00101631 0.0004 

9.51076e-05 0.000746484 0.0004 

-4.48695e-05 0.000314406 0.0004 

-2.87106e-05 -0.000266377 0.0004 

-5.80347e-05 0.00138044 0.0004 

-2.15248e-05 0.000273599 0.0004 

-6.17193e-05 0.000587025 0.0004 

-0.000154693 -3.19093e-06 0.0004 

-3.28108e-05 0.000760681 0.0004 

1.81547e-05 0.00239245 0.0004 

3.0788e-05 -0.0019938 0.0004 

-6.45221e-05 -0.000583581 0.0004 

5.64106e-05 0.000437683 0.0004 

3.12882e-05 -0.000258541 0.0004 

3.99854e-05 0.000765177 0.0004 

1.67897e-05 -0.00140724 0.0004 

0.000132652 -0.000481356 0.0004 

4.9581e-05 -0.00103038 0.0004 

0.000123777 0.00115065 0.0004 

-4.04614e-05 -0.000289467 0.0004 

-0.000158985 0.00113227 0.0004 

-7.64652e-05 -0.00151733 0.0004 

5.14125e-05 0.00223994 0.0004 

0.000134474 0.00195661 0.0004 

1.96376e-06 0.000799475 0.0004 

0.000128642 0.0010828 0.0004 

0.000157424 0.000706445 0.0004 

-0.000256211 3.47928e-05 0.0004 

-5.16103e-05 0.00120732 0.0004 

4.19923e-05 0.00086106 0.0004 

-4.28544e-06 -0.000929228 0.0004 

0.000109728 -0.00024758 0.0004 

-8.92572e-05 -0.000231546 0.0004 

2.37145e-05 0.000127528 0.0004 

0.000162559 -0.000403526 0.0004 

-0.000133665 0.00152152 0.0004 

0.000126727 0.00233713 0.0004 

-3.67538e-05 -0.000572694 0.0004 

0.000231019 4.03369e-05 0.0004 

-5.77518e-06 0.000808773 0.0004 

9.80613e-05 -0.0020053 0.0004 

-2.07646e-05 -0.000340279 0.0004 

-0.00020714 -0.00110466 0.0004 

-3.9598e-05 0.000740802 0.0004 

-8.4543e-06 -0.000614203 0.0004 

8.17061e-06 0.000846834 0.0004 

1.95027e-06 0.00111494 0.0004 

0.0001241 -0.0014471 0.0004 

-0.000165013 -0.000317631 0.0004 

-0.000149934 -0.000328041 0.0004 

-0.000147184 -1.42601e-05 0.0004 

-6.15144e-05 -0.000687683 0.0004 

-6.28067e-06 -0.00120702 0.0004 

7.73932e-07 -0.000166611 0.0004 

9.23878e-05 0.000407744 0.0004 

0.000125774 -0.000853776 0.0004 

-0.000176758 0.000838363 0.0004 

2.75384e-06 -0.000579791 0.0004 

1.06343e-06 -0.000332629 0.0004 

-4.33963e-06 -0.000905635 0.0004 

-1.52784e-05 0.0001424 0.0004 

7.96424e-06 -0.000744801 0.0004 

3.10957e-06 -0.000415885 0.0004 

-3.92391e-05 0.000177559 0.0004 

-6.87189e-05 0.00101689 0.0004 

2.14178e-05 -0.000843023 0.0004 

6.77031e-05 -0.000527341 0.0004 

6.77337e-06 0.000220783 0.0004 

0.000224356 -0.000377259 0.0004 

4.61718e-05 -0.000804195 0.0004 

8.63759e-05 -0.000191678 0.0004 

5.16426e-05 0.00110465 0.0004 

-3.11998e-06 0.000378429 0.0004 

-0.000105034 0.000624432 0.0004 

1.52002e-05 -0.00126012 0.0004 

0.000171386 9.15803e-05 0.0004 

-0.000151178 -0.000533114 0.0004 

0.000125872 0.00186951 0.0004 

-5.89034e-05 -0.00120586 0.0004 

0.000220533 -0.000703326 0.0004 

1.6818e-05 7.04903e-05 0.0004 

-2.0523e-05 -0.00127232 0.0004 

0.000162386 -0.00100223 0.0004 

5.44473e-05 -0.000793279 0.0004 

-3.43171e-05 0.000393249 0.0004 

-2.31285e-05 -0.000884279 0.0004 

-1.87185e-05 0.000412211 0.0004 

-4.57518e-05 -0.000344509 0.0004 

5.45792e-05 0.00106253 0.0004 

-4.76615e-05 -0.000508771 0.0004 

7.21321e-05 0.000203628 0.0004 

4.14931e-05 -0.000664571 0.0004 

1.70074e-05 -0.000620528 0.0004 

-0.000137389 -3.80716e-05 0.0004 

-7.06014e-05 -0.00145976 0.0004 

1.07166e-05 -0.000534319 0.0004 

-8.13094e-05 -0.00102807 0.0004 

8.96533e-05 0.00184921 0.0004 

1.08375e-05 0.00156356 0.0004 

-0.000137622 0.00051178 0.0004 

1.79152e-05 0.000928524 0.0004 

