-1e-05 -0.0001 0.0062821 
-1e-05 0.0001 0.0062821 
1e-05 -0.0001 0.0062821 
1e-05 0.0001 0.0062821 
-1e-05 -0.0003 0.00603658 
-1e-05 0.0003 0.00603658 
1e-05 -0.0003 0.00603658 
1e-05 0.0003 0.00603658 
-1e-05 -0.0005 0.00557395 
-1e-05 0.0005 0.00557395 
1e-05 -0.0005 0.00557395 
1e-05 0.0005 0.00557395 
-1e-05 -0.0007 0.00494563 
-1e-05 0.0007 0.00494563 
1e-05 -0.0007 0.00494563 
1e-05 0.0007 0.00494563 
-1e-05 -0.0009 0.00421663 
-1e-05 0.0009 0.00421663 
1e-05 -0.0009 0.00421663 
1e-05 0.0009 0.00421663 
-1e-05 -0.0011 0.00345458 
-1e-05 0.0011 0.00345458 
1e-05 -0.0011 0.00345458 
1e-05 0.0011 0.00345458 
-1e-05 -0.0013 0.00271964 
-1e-05 0.0013 0.00271964 
1e-05 -0.0013 0.00271964 
1e-05 0.0013 0.00271964 
-1e-05 -0.0015 0.00205737 
-1e-05 0.0015 0.00205737 
1e-05 -0.0015 0.00205737 
1e-05 0.0015 0.00205737 
-1e-05 -0.0017 0.00149555 
-1e-05 0.0017 0.00149555 
1e-05 -0.0017 0.00149555 
1e-05 0.0017 0.00149555 
-1e-05 -0.0019 0.00104466 
-1e-05 0.0019 0.00104466 
1e-05 -0.0019 0.00104466 
1e-05 0.0019 0.00104466 
-1e-05 -0.0021 0.000701186 
-1e-05 0.0021 0.000701186 
1e-05 -0.0021 0.000701186 
1e-05 0.0021 0.000701186 
-1e-05 -0.0023 0.000452249 
-1e-05 0.0023 0.000452249 
1e-05 -0.0023 0.000452249 
1e-05 0.0023 0.000452249 
-1e-05 -0.0025 0.00028029 
-1e-05 0.0025 0.00028029 
1e-05 -0.0025 0.00028029 
1e-05 0.0025 0.00028029 
-1e-05 -0.0027 0.000166926 
-1e-05 0.0027 0.000166926 
1e-05 -0.0027 0.000166926 
1e-05 0.0027 0.000166926 
-1e-05 -0.0029 9.55264e-05 
-1e-05 0.0029 9.55264e-05 
1e-05 -0.0029 9.55264e-05 
1e-05 0.0029 9.55264e-05 
-1e-05 -0.0031 5.25302e-05 
-1e-05 0.0031 5.25302e-05 
1e-05 -0.0031 5.25302e-05 
1e-05 0.0031 5.25302e-05 
-1e-05 -0.0033 2.77574e-05 
-1e-05 0.0033 2.77574e-05 
1e-05 -0.0033 2.77574e-05 
1e-05 0.0033 2.77574e-05 
-1e-05 -0.0035 1.4094e-05 
-1e-05 0.0035 1.4094e-05 
1e-05 -0.0035 1.4094e-05 
1e-05 0.0035 1.4094e-05 
-1e-05 -0.0037 6.87662e-06 
-1e-05 0.0037 6.87662e-06 
1e-05 -0.0037 6.87662e-06 
1e-05 0.0037 6.87662e-06 
-1e-05 -0.0039 3.22403e-06 
-1e-05 0.0039 3.22403e-06 
1e-05 -0.0039 3.22403e-06 
1e-05 0.0039 3.22403e-06 
-1e-05 -0.0041 1.45247e-06 
-1e-05 0.0041 1.45247e-06 
1e-05 -0.0041 1.45247e-06 
1e-05 0.0041 1.45247e-06 
-1e-05 -0.0043 6.28784e-07 
-1e-05 0.0043 6.28784e-07 
1e-05 -0.0043 6.28784e-07 
1e-05 0.0043 6.28784e-07 
-1e-05 -0.0045 2.61564e-07 
-1e-05 0.0045 2.61564e-07 
1e-05 -0.0045 2.61564e-07 
1e-05 0.0045 2.61564e-07 
-1e-05 -0.0047 1.04554e-07 
-1e-05 0.0047 1.04554e-07 
1e-05 -0.0047 1.04554e-07 
1e-05 0.0047 1.04554e-07 
-1e-05 -0.0049 4.0159e-08 
-1e-05 0.0049 4.0159e-08 
1e-05 -0.0049 4.0159e-08 
1e-05 0.0049 4.0159e-08 
-3e-05 -0.0001 0.00603658 
-3e-05 0.0001 0.00603658 
3e-05 -0.0001 0.00603658 
3e-05 0.0001 0.00603658 
-3e-05 -0.0003 0.00580066 
-3e-05 0.0003 0.00580066 
3e-05 -0.0003 0.00580066 
3e-05 0.0003 0.00580066 
-3e-05 -0.0005 0.00535611 
-3e-05 0.0005 0.00535611 
3e-05 -0.0005 0.00535611 
3e-05 0.0005 0.00535611 
-3e-05 -0.0007 0.00475234 
-3e-05 0.0007 0.00475234 
3e-05 -0.0007 0.00475234 
3e-05 0.0007 0.00475234 
-3e-05 -0.0009 0.00405183 
-3e-05 0.0009 0.00405183 
3e-05 -0.0009 0.00405183 
3e-05 0.0009 0.00405183 
-3e-05 -0.0011 0.00331957 
-3e-05 0.0011 0.00331957 
3e-05 -0.0011 0.00331957 
3e-05 0.0011 0.00331957 
-3e-05 -0.0013 0.00261335 
-3e-05 0.0013 0.00261335 
3e-05 -0.0013 0.00261335 
3e-05 0.0013 0.00261335 
-3e-05 -0.0015 0.00197697 
-3e-05 0.0015 0.00197697 
3e-05 -0.0015 0.00197697 
3e-05 0.0015 0.00197697 
-3e-05 -0.0017 0.0014371 
-3e-05 0.0017 0.0014371 
3e-05 -0.0017 0.0014371 
3e-05 0.0017 0.0014371 
-3e-05 -0.0019 0.00100383 
-3e-05 0.0019 0.00100383 
3e-05 -0.0019 0.00100383 
3e-05 0.0019 0.00100383 
-3e-05 -0.0021 0.000673781 
-3e-05 0.0021 0.000673781 
3e-05 -0.0021 0.000673781 
3e-05 0.0021 0.000673781 
-3e-05 -0.0023 0.000434574 
-3e-05 0.0023 0.000434574 
3e-05 -0.0023 0.000434574 
3e-05 0.0023 0.000434574 
-3e-05 -0.0025 0.000269335 
-3e-05 0.0025 0.000269335 
3e-05 -0.0025 0.000269335 
3e-05 0.0025 0.000269335 
-3e-05 -0.0027 0.000160402 
-3e-05 0.0027 0.000160402 
3e-05 -0.0027 0.000160402 
3e-05 0.0027 0.000160402 
-3e-05 -0.0029 9.17929e-05 
-3e-05 0.0029 9.17929e-05 
3e-05 -0.0029 9.17929e-05 
3e-05 0.0029 9.17929e-05 
-3e-05 -0.0031 5.04772e-05 
-3e-05 0.0031 5.04772e-05 
3e-05 -0.0031 5.04772e-05 
3e-05 0.0031 5.04772e-05 
-3e-05 -0.0033 2.66726e-05 
-3e-05 0.0033 2.66726e-05 
3e-05 -0.0033 2.66726e-05 
3e-05 0.0033 2.66726e-05 
-3e-05 -0.0035 1.35432e-05 
-3e-05 0.0035 1.35432e-05 
3e-05 -0.0035 1.35432e-05 
3e-05 0.0035 1.35432e-05 
-3e-05 -0.0037 6.60786e-06 
-3e-05 0.0037 6.60786e-06 
3e-05 -0.0037 6.60786e-06 
3e-05 0.0037 6.60786e-06 
-3e-05 -0.0039 3.09803e-06 
-3e-05 0.0039 3.09803e-06 
3e-05 -0.0039 3.09803e-06 
3e-05 0.0039 3.09803e-06 
-3e-05 -0.0041 1.39571e-06 
-3e-05 0.0041 1.39571e-06 
3e-05 -0.0041 1.39571e-06 
3e-05 0.0041 1.39571e-06 
-3e-05 -0.0043 6.04209e-07 
-3e-05 0.0043 6.04209e-07 
3e-05 -0.0043 6.04209e-07 
3e-05 0.0043 6.04209e-07 
-3e-05 -0.0045 2.51342e-07 
-3e-05 0.0045 2.51342e-07 
3e-05 -0.0045 2.51342e-07 
3e-05 0.0045 2.51342e-07 
-3e-05 -0.0047 1.00467e-07 
-3e-05 0.0047 1.00467e-07 
3e-05 -0.0047 1.00467e-07 
3e-05 0.0047 1.00467e-07 
-3e-05 -0.0049 3.85895e-08 
-3e-05 0.0049 3.85895e-08 
3e-05 -0.0049 3.85895e-08 
3e-05 0.0049 3.85895e-08 
-5e-05 -0.0001 0.00557395 
-5e-05 0.0001 0.00557395 
5e-05 -0.0001 0.00557395 
5e-05 0.0001 0.00557395 
-5e-05 -0.0003 0.00535611 
-5e-05 0.0003 0.00535611 
5e-05 -0.0003 0.00535611 
5e-05 0.0003 0.00535611 
-5e-05 -0.0005 0.00494563 
-5e-05 0.0005 0.00494563 
5e-05 -0.0005 0.00494563 
5e-05 0.0005 0.00494563 
-5e-05 -0.0007 0.00438813 
-5e-05 0.0007 0.00438813 
5e-05 -0.0007 0.00438813 
5e-05 0.0007 0.00438813 
-5e-05 -0.0009 0.00374131 
-5e-05 0.0009 0.00374131 
5e-05 -0.0009 0.00374131 
5e-05 0.0009 0.00374131 
-5e-05 -0.0011 0.00306516 
-5e-05 0.0011 0.00306516 
5e-05 -0.0011 0.00306516 
5e-05 0.0011 0.00306516 
-5e-05 -0.0013 0.00241307 
-5e-05 0.0013 0.00241307 
5e-05 -0.0013 0.00241307 
5e-05 0.0013 0.00241307 
-5e-05 -0.0015 0.00182546 
-5e-05 0.0015 0.00182546 
5e-05 -0.0015 0.00182546 
5e-05 0.0015 0.00182546 
-5e-05 -0.0017 0.00132696 
-5e-05 0.0017 0.00132696 
5e-05 -0.0017 0.00132696 
5e-05 0.0017 0.00132696 
-5e-05 -0.0019 0.000926899 
-5e-05 0.0019 0.000926899 
5e-05 -0.0019 0.000926899 
5e-05 0.0019 0.000926899 
-5e-05 -0.0021 0.000622144 
-5e-05 0.0021 0.000622144 
5e-05 -0.0021 0.000622144 
5e-05 0.0021 0.000622144 
-5e-05 -0.0023 0.000401269 
-5e-05 0.0023 0.000401269 
5e-05 -0.0023 0.000401269 
5e-05 0.0023 0.000401269 
-5e-05 -0.0025 0.000248694 
-5e-05 0.0025 0.000248694 
5e-05 -0.0025 0.000248694 
5e-05 0.0025 0.000248694 
-5e-05 -0.0027 0.000148109 
-5e-05 0.0027 0.000148109 
5e-05 -0.0027 0.000148109 
5e-05 0.0027 0.000148109 
-5e-05 -0.0029 8.47581e-05 
-5e-05 0.0029 8.47581e-05 
5e-05 -0.0029 8.47581e-05 
5e-05 0.0029 8.47581e-05 
-5e-05 -0.0031 4.66087e-05 
-5e-05 0.0031 4.66087e-05 
5e-05 -0.0031 4.66087e-05 
5e-05 0.0031 4.66087e-05 
-5e-05 -0.0033 2.46285e-05 
-5e-05 0.0033 2.46285e-05 
5e-05 -0.0033 2.46285e-05 
5e-05 0.0033 2.46285e-05 
-5e-05 -0.0035 1.25053e-05 
-5e-05 0.0035 1.25053e-05 
5e-05 -0.0035 1.25053e-05 
5e-05 0.0035 1.25053e-05 
-5e-05 -0.0037 6.10145e-06 
-5e-05 0.0037 6.10145e-06 
5e-05 -0.0037 6.10145e-06 
5e-05 0.0037 6.10145e-06 
-5e-05 -0.0039 2.8606e-06 
-5e-05 0.0039 2.8606e-06 
5e-05 -0.0039 2.8606e-06 
5e-05 0.0039 2.8606e-06 
-5e-05 -0.0041 1.28874e-06 
-5e-05 0.0041 1.28874e-06 
5e-05 -0.0041 1.28874e-06 
5e-05 0.0041 1.28874e-06 
-5e-05 -0.0043 5.57904e-07 
-5e-05 0.0043 5.57904e-07 
5e-05 -0.0043 5.57904e-07 
5e-05 0.0043 5.57904e-07 
-5e-05 -0.0045 2.32079e-07 
-5e-05 0.0045 2.32079e-07 
5e-05 -0.0045 2.32079e-07 
5e-05 0.0045 2.32079e-07 
-5e-05 -0.0047 9.27678e-08 
-5e-05 0.0047 9.27678e-08 
5e-05 -0.0047 9.27678e-08 
5e-05 0.0047 9.27678e-08 
-5e-05 -0.0049 3.56321e-08 
-5e-05 0.0049 3.56321e-08 
5e-05 -0.0049 3.56321e-08 
5e-05 0.0049 3.56321e-08 
-7e-05 -0.0001 0.00494563 
-7e-05 0.0001 0.00494563 
7e-05 -0.0001 0.00494563 
7e-05 0.0001 0.00494563 
-7e-05 -0.0003 0.00475234 
-7e-05 0.0003 0.00475234 
7e-05 -0.0003 0.00475234 
7e-05 0.0003 0.00475234 
-7e-05 -0.0005 0.00438813 
-7e-05 0.0005 0.00438813 
7e-05 -0.0005 0.00438813 
7e-05 0.0005 0.00438813 
-7e-05 -0.0007 0.00389348 
-7e-05 0.0007 0.00389348 
7e-05 -0.0007 0.00389348 
7e-05 0.0007 0.00389348 
-7e-05 -0.0009 0.00331957 
-7e-05 0.0009 0.00331957 
7e-05 -0.0009 0.00331957 
7e-05 0.0009 0.00331957 
-7e-05 -0.0011 0.00271964 
-7e-05 0.0011 0.00271964 
7e-05 -0.0011 0.00271964 
7e-05 0.0011 0.00271964 
-7e-05 -0.0013 0.00214105 
-7e-05 0.0013 0.00214105 
7e-05 -0.0013 0.00214105 
7e-05 0.0013 0.00214105 
-7e-05 -0.0015 0.00161968 
-7e-05 0.0015 0.00161968 
7e-05 -0.0015 0.00161968 
7e-05 0.0015 0.00161968 
-7e-05 -0.0017 0.00117738 
-7e-05 0.0017 0.00117738 
7e-05 -0.0017 0.00117738 
7e-05 0.0017 0.00117738 
-7e-05 -0.0019 0.000822414 
-7e-05 0.0019 0.000822414 
7e-05 -0.0019 0.000822414 
7e-05 0.0019 0.000822414 
-7e-05 -0.0021 0.000552013 
-7e-05 0.0021 0.000552013 
7e-05 -0.0021 0.000552013 
7e-05 0.0021 0.000552013 
-7e-05 -0.0023 0.000356036 
-7e-05 0.0023 0.000356036 
7e-05 -0.0023 0.000356036 
7e-05 0.0023 0.000356036 
-7e-05 -0.0025 0.00022066 
-7e-05 0.0025 0.00022066 
7e-05 -0.0025 0.00022066 
7e-05 0.0025 0.00022066 
-7e-05 -0.0027 0.000131413 
-7e-05 0.0027 0.000131413 
7e-05 -0.0027 0.000131413 
7e-05 0.0027 0.000131413 
-7e-05 -0.0029 7.52037e-05 
-7e-05 0.0029 7.52037e-05 
7e-05 -0.0029 7.52037e-05 
7e-05 0.0029 7.52037e-05 
-7e-05 -0.0031 4.13547e-05 
-7e-05 0.0031 4.13547e-05 
7e-05 -0.0031 4.13547e-05 
7e-05 0.0031 4.13547e-05 
-7e-05 -0.0033 2.18522e-05 
-7e-05 0.0033 2.18522e-05 
7e-05 -0.0033 2.18522e-05 
7e-05 0.0033 2.18522e-05 
-7e-05 -0.0035 1.10956e-05 
-7e-05 0.0035 1.10956e-05 
7e-05 -0.0035 1.10956e-05 
7e-05 0.0035 1.10956e-05 
-7e-05 -0.0037 5.41366e-06 
-7e-05 0.0037 5.41366e-06 
7e-05 -0.0037 5.41366e-06 
7e-05 0.0037 5.41366e-06 
-7e-05 -0.0039 2.53814e-06 
-7e-05 0.0039 2.53814e-06 
7e-05 -0.0039 2.53814e-06 
7e-05 0.0039 2.53814e-06 
-7e-05 -0.0041 1.14347e-06 
-7e-05 0.0041 1.14347e-06 
7e-05 -0.0041 1.14347e-06 
7e-05 0.0041 1.14347e-06 
-7e-05 -0.0043 4.95014e-07 
-7e-05 0.0043 4.95014e-07 
7e-05 -0.0043 4.95014e-07 
7e-05 0.0043 4.95014e-07 
-7e-05 -0.0045 2.05918e-07 
-7e-05 0.0045 2.05918e-07 
7e-05 -0.0045 2.05918e-07 
7e-05 0.0045 2.05918e-07 
-7e-05 -0.0047 8.23105e-08 
-7e-05 0.0047 8.23105e-08 
7e-05 -0.0047 8.23105e-08 
7e-05 0.0047 8.23105e-08 
-7e-05 -0.0049 3.16155e-08 
-7e-05 0.0049 3.16155e-08 
7e-05 -0.0049 3.16155e-08 
7e-05 0.0049 3.16155e-08 
-9e-05 -0.0001 0.00421663 
-9e-05 0.0001 0.00421663 
9e-05 -0.0001 0.00421663 
9e-05 0.0001 0.00421663 
-9e-05 -0.0003 0.00405183 
-9e-05 0.0003 0.00405183 
9e-05 -0.0003 0.00405183 
9e-05 0.0003 0.00405183 
-9e-05 -0.0005 0.00374131 
-9e-05 0.0005 0.00374131 
9e-05 -0.0005 0.00374131 
9e-05 0.0005 0.00374131 
-9e-05 -0.0007 0.00331957 
-9e-05 0.0007 0.00331957 
9e-05 -0.0007 0.00331957 
9e-05 0.0007 0.00331957 
-9e-05 -0.0009 0.00283026 
-9e-05 0.0009 0.00283026 
9e-05 -0.0009 0.00283026 
9e-05 0.0009 0.00283026 
-9e-05 -0.0011 0.00231876 
-9e-05 0.0011 0.00231876 
9e-05 -0.0011 0.00231876 
9e-05 0.0011 0.00231876 
-9e-05 -0.0013 0.00182546 
-9e-05 0.0013 0.00182546 
9e-05 -0.0013 0.00182546 
9e-05 0.0013 0.00182546 
-9e-05 -0.0015 0.00138094 
-9e-05 0.0015 0.00138094 
9e-05 -0.0015 0.00138094 
9e-05 0.0015 0.00138094 
-9e-05 -0.0017 0.00100383 
-9e-05 0.0017 0.00100383 
9e-05 -0.0017 0.00100383 
9e-05 0.0017 0.00100383 
-9e-05 -0.0019 0.000701188 
-9e-05 0.0019 0.000701188 
9e-05 -0.0019 0.000701188 
9e-05 0.0019 0.000701188 
-9e-05 -0.0021 0.000470645 
-9e-05 0.0021 0.000470645 
9e-05 -0.0021 0.000470645 
9e-05 0.0021 0.000470645 
-9e-05 -0.0023 0.000303555 
-9e-05 0.0023 0.000303555 
9e-05 -0.0023 0.000303555 
9e-05 0.0023 0.000303555 
-9e-05 -0.0025 0.000188134 
-9e-05 0.0025 0.000188134 
9e-05 -0.0025 0.000188134 
9e-05 0.0025 0.000188134 
-9e-05 -0.0027 0.000112043 
-9e-05 0.0027 0.000112043 
9e-05 -0.0027 0.000112043 
9e-05 0.0027 0.000112043 
-9e-05 -0.0029 6.41185e-05 
-9e-05 0.0029 6.41185e-05 
9e-05 -0.0029 6.41185e-05 
9e-05 0.0029 6.41185e-05 
-9e-05 -0.0031 3.52589e-05 
-9e-05 0.0031 3.52589e-05 
9e-05 -0.0031 3.52589e-05 
9e-05 0.0031 3.52589e-05 
-9e-05 -0.0033 1.86312e-05 
-9e-05 0.0033 1.86312e-05 
9e-05 -0.0033 1.86312e-05 
9e-05 0.0033 1.86312e-05 
-9e-05 -0.0035 9.46009e-06 
-9e-05 0.0035 9.46009e-06 
9e-05 -0.0035 9.46009e-06 
9e-05 0.0035 9.46009e-06 
-9e-05 -0.0037 4.61567e-06 
-9e-05 0.0037 4.61567e-06 
9e-05 -0.0037 4.61567e-06 
9e-05 0.0037 4.61567e-06 
-9e-05 -0.0039 2.16401e-06 
-9e-05 0.0039 2.16401e-06 
9e-05 -0.0039 2.16401e-06 
9e-05 0.0039 2.16401e-06 
-9e-05 -0.0041 9.74919e-07 
-9e-05 0.0041 9.74919e-07 
9e-05 -0.0041 9.74919e-07 
9e-05 0.0041 9.74919e-07 
-9e-05 -0.0043 4.22048e-07 
-9e-05 0.0043 4.22048e-07 
9e-05 -0.0043 4.22048e-07 
9e-05 0.0043 4.22048e-07 
-9e-05 -0.0045 1.75565e-07 
-9e-05 0.0045 1.75565e-07 
9e-05 -0.0045 1.75565e-07 
9e-05 0.0045 1.75565e-07 
-9e-05 -0.0047 7.01777e-08 
-9e-05 0.0047 7.01777e-08 
9e-05 -0.0047 7.01777e-08 
9e-05 0.0047 7.01777e-08 
-9e-05 -0.0049 2.69553e-08 
-9e-05 0.0049 2.69553e-08 
9e-05 -0.0049 2.69553e-08 
9e-05 0.0049 2.69553e-08 
-0.00011 -0.0001 0.00345458 
-0.00011 0.0001 0.00345458 
0.00011 -0.0001 0.00345458 
0.00011 0.0001 0.00345458 
-0.00011 -0.0003 0.00331957 
-0.00011 0.0003 0.00331957 
0.00011 -0.0003 0.00331957 
0.00011 0.0003 0.00331957 
-0.00011 -0.0005 0.00306516 
-0.00011 0.0005 0.00306516 
0.00011 -0.0005 0.00306516 
0.00011 0.0005 0.00306516 
-0.00011 -0.0007 0.00271964 
-0.00011 0.0007 0.00271964 
0.00011 -0.0007 0.00271964 
0.00011 0.0007 0.00271964 
-0.00011 -0.0009 0.00231876 
-0.00011 0.0009 0.00231876 
0.00011 -0.0009 0.00231876 
0.00011 0.0009 0.00231876 
-0.00011 -0.0011 0.0018997 
-0.00011 0.0011 0.0018997 
0.00011 -0.0011 0.0018997 
0.00011 0.0011 0.0018997 
-0.00011 -0.0013 0.00149555 
-0.00011 0.0013 0.00149555 
0.00011 -0.0013 0.00149555 
0.00011 0.0013 0.00149555 
-0.00011 -0.0015 0.00113137 
-0.00011 0.0015 0.00113137 
0.00011 -0.0015 0.00113137 
0.00011 0.0015 0.00113137 
-0.00011 -0.0017 0.000822415 
-0.00011 0.0017 0.000822415 
0.00011 -0.0017 0.000822415 
0.00011 0.0017 0.000822415 
-0.00011 -0.0019 0.000574466 
-0.00011 0.0019 0.000574466 
0.00011 -0.0019 0.000574466 
0.00011 0.0019 0.000574466 
-0.00011 -0.0021 0.000385588 
-0.00011 0.0021 0.000385588 
0.00011 -0.0021 0.000385588 
0.00011 0.0021 0.000385588 
-0.00011 -0.0023 0.000248695 
-0.00011 0.0023 0.000248695 
0.00011 -0.0023 0.000248695 
0.00011 0.0023 0.000248695 
-0.00011 -0.0025 0.000154134 
-0.00011 0.0025 0.000154134 
0.00011 -0.0025 0.000154134 
0.00011 0.0025 0.000154134 
-0.00011 -0.0027 9.17938e-05 
-0.00011 0.0027 9.17938e-05 
0.00011 -0.0027 9.17938e-05 
0.00011 0.0027 9.17938e-05 
-0.00011 -0.0029 5.25308e-05 
-0.00011 0.0029 5.25308e-05 
0.00011 -0.0029 5.25308e-05 
0.00011 0.0029 5.25308e-05 
-0.00011 -0.0031 2.88868e-05 
-0.00011 0.0031 2.88868e-05 
0.00011 -0.0031 2.88868e-05 
0.00011 0.0031 2.88868e-05 
-0.00011 -0.0033 1.5264e-05 
-0.00011 0.0033 1.5264e-05 
0.00011 -0.0033 1.5264e-05 
0.00011 0.0033 1.5264e-05 
-0.00011 -0.0035 7.75042e-06 
-0.00011 0.0035 7.75042e-06 
0.00011 -0.0035 7.75042e-06 
0.00011 0.0035 7.75042e-06 
-0.00011 -0.0037 3.78151e-06 
-0.00011 0.0037 3.78151e-06 
0.00011 -0.0037 3.78151e-06 
0.00011 0.0037 3.78151e-06 
-0.00011 -0.0039 1.77292e-06 
-0.00011 0.0039 1.77292e-06 
0.00011 -0.0039 1.77292e-06 
0.00011 0.0039 1.77292e-06 
-0.00011 -0.0041 7.98727e-07 
-0.00011 0.0041 7.98727e-07 
0.00011 -0.0041 7.98727e-07 
0.00011 0.0041 7.98727e-07 
-0.00011 -0.0043 3.45773e-07 
-0.00011 0.0043 3.45773e-07 
0.00011 -0.0043 3.45773e-07 
0.00011 0.0043 3.45773e-07 
-0.00011 -0.0045 1.43836e-07 
-0.00011 0.0045 1.43836e-07 
0.00011 -0.0045 1.43836e-07 
0.00011 0.0045 1.43836e-07 
-0.00011 -0.0047 5.74949e-08 
-0.00011 0.0047 5.74949e-08 
0.00011 -0.0047 5.74949e-08 
0.00011 0.0047 5.74949e-08 
-0.00011 -0.0049 2.20838e-08 
-0.00011 0.0049 2.20838e-08 
0.00011 -0.0049 2.20838e-08 
0.00011 0.0049 2.20838e-08 
-0.00013 -0.0001 0.00271964 
-0.00013 0.0001 0.00271964 
0.00013 -0.0001 0.00271964 
0.00013 0.0001 0.00271964 
-0.00013 -0.0003 0.00261335 
-0.00013 0.0003 0.00261335 
0.00013 -0.0003 0.00261335 
0.00013 0.0003 0.00261335 
-0.00013 -0.0005 0.00241307 
-0.00013 0.0005 0.00241307 
0.00013 -0.0005 0.00241307 
0.00013 0.0005 0.00241307 
-0.00013 -0.0007 0.00214105 
-0.00013 0.0007 0.00214105 
0.00013 -0.0007 0.00214105 
0.00013 0.0007 0.00214105 
-0.00013 -0.0009 0.00182546 
-0.00013 0.0009 0.00182546 
0.00013 -0.0009 0.00182546 
0.00013 0.0009 0.00182546 
-0.00013 -0.0011 0.00149555 
-0.00013 0.0011 0.00149555 
0.00013 -0.0011 0.00149555 
0.00013 0.0011 0.00149555 
-0.00013 -0.0013 0.00117738 
-0.00013 0.0013 0.00117738 
0.00013 -0.0013 0.00117738 
0.00013 0.0013 0.00117738 
-0.00013 -0.0015 0.000890675 
-0.00013 0.0015 0.000890675 
0.00013 -0.0015 0.000890675 
0.00013 0.0015 0.000890675 
-0.00013 -0.0017 0.000647451 
-0.00013 0.0017 0.000647451 
0.00013 -0.0017 0.000647451 
0.00013 0.0017 0.000647451 
-0.00013 -0.0019 0.000452252 
-0.00013 0.0019 0.000452252 
0.00013 -0.0019 0.000452252 
0.00013 0.0019 0.000452252 
-0.00013 -0.0021 0.000303556 
-0.00013 0.0021 0.000303556 
0.00013 -0.0021 0.000303556 
0.00013 0.0021 0.000303556 
-0.00013 -0.0023 0.000195787 
-0.00013 0.0023 0.000195787 
0.00013 -0.0023 0.000195787 
0.00013 0.0023 0.000195787 
-0.00013 -0.0025 0.000121343 
-0.00013 0.0025 0.000121343 
0.00013 -0.0025 0.000121343 
0.00013 0.0025 0.000121343 
-0.00013 -0.0027 7.22652e-05 
-0.00013 0.0027 7.22652e-05 
0.00013 -0.0027 7.22652e-05 
0.00013 0.0027 7.22652e-05 
-0.00013 -0.0029 4.13551e-05 
-0.00013 0.0029 4.13551e-05 
0.00013 -0.0029 4.13551e-05 
0.00013 0.0029 4.13551e-05 
-0.00013 -0.0031 2.27413e-05 
-0.00013 0.0031 2.27413e-05 
0.00013 -0.0031 2.27413e-05 
0.00013 0.0031 2.27413e-05 
-0.00013 -0.0033 1.20167e-05 
-0.00013 0.0033 1.20167e-05 
0.00013 -0.0033 1.20167e-05 
0.00013 0.0033 1.20167e-05 
-0.00013 -0.0035 6.10156e-06 
-0.00013 0.0035 6.10156e-06 
0.00013 -0.0035 6.10156e-06 
0.00013 0.0035 6.10156e-06 
-0.00013 -0.0037 2.97702e-06 
-0.00013 0.0037 2.97702e-06 
0.00013 -0.0037 2.97702e-06 
0.00013 0.0037 2.97702e-06 
-0.00013 -0.0039 1.39574e-06 
-0.00013 0.0039 1.39574e-06 
0.00013 -0.0039 1.39574e-06 
0.00013 0.0039 1.39574e-06 
-0.00013 -0.0041 6.28803e-07 
-0.00013 0.0041 6.28803e-07 
0.00013 -0.0041 6.28803e-07 
0.00013 0.0041 6.28803e-07 
-0.00013 -0.0043 2.72212e-07 
-0.00013 0.0043 2.72212e-07 
0.00013 -0.0043 2.72212e-07 
0.00013 0.0043 2.72212e-07 
-0.00013 -0.0045 1.13236e-07 
-0.00013 0.0045 1.13236e-07 
0.00013 -0.0045 1.13236e-07 
0.00013 0.0045 1.13236e-07 
-0.00013 -0.0047 4.52632e-08 
-0.00013 0.0047 4.52632e-08 
0.00013 -0.0047 4.52632e-08 
0.00013 0.0047 4.52632e-08 
-0.00013 -0.0049 1.73856e-08 
-0.00013 0.0049 1.73856e-08 
0.00013 -0.0049 1.73856e-08 
0.00013 0.0049 1.73856e-08 
-0.00015 -0.0001 0.00205737 
-0.00015 0.0001 0.00205737 
0.00015 -0.0001 0.00205737 
0.00015 0.0001 0.00205737 
-0.00015 -0.0003 0.00197697 
-0.00015 0.0003 0.00197697 
0.00015 -0.0003 0.00197697 
0.00015 0.0003 0.00197697 
-0.00015 -0.0005 0.00182546 
-0.00015 0.0005 0.00182546 
0.00015 -0.0005 0.00182546 
0.00015 0.0005 0.00182546 
-0.00015 -0.0007 0.00161968 
-0.00015 0.0007 0.00161968 
0.00015 -0.0007 0.00161968 
0.00015 0.0007 0.00161968 
-0.00015 -0.0009 0.00138094 
-0.00015 0.0009 0.00138094 
0.00015 -0.0009 0.00138094 
0.00015 0.0009 0.00138094 
-0.00015 -0.0011 0.00113137 
-0.00015 0.0011 0.00113137 
0.00015 -0.0011 0.00113137 
0.00015 0.0011 0.00113137 
-0.00015 -0.0013 0.000890675 
-0.00015 0.0013 0.000890675 
0.00015 -0.0013 0.000890675 
0.00015 0.0013 0.000890675 
-0.00015 -0.0015 0.000673785 
-0.00015 0.0015 0.000673785 
0.00015 -0.0015 0.000673785 
0.00015 0.0015 0.000673785 
-0.00015 -0.0017 0.000489789 
-0.00015 0.0017 0.000489789 
0.00015 -0.0017 0.000489789 
0.00015 0.0017 0.000489789 
-0.00015 -0.0019 0.000342123 
-0.00015 0.0019 0.000342123 
0.00015 -0.0019 0.000342123 
0.00015 0.0019 0.000342123 
-0.00015 -0.0021 0.000229637 
-0.00015 0.0021 0.000229637 
0.00015 -0.0021 0.000229637 
0.00015 0.0021 0.000229637 
-0.00015 -0.0023 0.00014811 
-0.00015 0.0023 0.00014811 
0.00015 -0.0023 0.00014811 
0.00015 0.0023 0.00014811 
-0.00015 -0.0025 9.17943e-05 
-0.00015 0.0025 9.17943e-05 
0.00015 -0.0025 9.17943e-05 
0.00015 0.0025 9.17943e-05 
-0.00015 -0.0027 5.46677e-05 
-0.00015 0.0027 5.46677e-05 
0.00015 -0.0027 5.46677e-05 
0.00015 0.0027 5.46677e-05 
-0.00015 -0.0029 3.12847e-05 
-0.00015 0.0029 3.12847e-05 
0.00015 -0.0029 3.12847e-05 
0.00015 0.0029 3.12847e-05 
-0.00015 -0.0031 1.72035e-05 
-0.00015 0.0031 1.72035e-05 
0.00015 -0.0031 1.72035e-05 
0.00015 0.0031 1.72035e-05 
-0.00015 -0.0033 9.0905e-06 
-0.00015 0.0033 9.0905e-06 
0.00015 -0.0033 9.0905e-06 
0.00015 0.0033 9.0905e-06 
-0.00015 -0.0035 4.61576e-06 
-0.00015 0.0035 4.61576e-06 
0.00015 -0.0035 4.61576e-06 
0.00015 0.0035 4.61576e-06 
-0.00015 -0.0037 2.25208e-06 
-0.00015 0.0037 2.25208e-06 
0.00015 -0.0037 2.25208e-06 
0.00015 0.0037 2.25208e-06 
-0.00015 -0.0039 1.05586e-06 
-0.00015 0.0039 1.05586e-06 
0.00015 -0.0039 1.05586e-06 
0.00015 0.0039 1.05586e-06 
-0.00015 -0.0041 4.75682e-07 
-0.00015 0.0041 4.75682e-07 
0.00015 -0.0041 4.75682e-07 
0.00015 0.0041 4.75682e-07 
-0.00015 -0.0043 2.05925e-07 
-0.00015 0.0043 2.05925e-07 
0.00015 -0.0043 2.05925e-07 
0.00015 0.0043 2.05925e-07 
-0.00015 -0.0045 8.56616e-08 
-0.00015 0.0045 8.56616e-08 
0.00015 -0.0045 8.56616e-08 
0.00015 0.0045 8.56616e-08 
-0.00015 -0.0047 3.42411e-08 
-0.00015 0.0047 3.42411e-08 
0.00015 -0.0047 3.42411e-08 
0.00015 0.0047 3.42411e-08 
-0.00015 -0.0049 1.3152e-08 
-0.00015 0.0049 1.3152e-08 
0.00015 -0.0049 1.3152e-08 
0.00015 0.0049 1.3152e-08 
-0.00017 -0.0001 0.00149555 
-0.00017 0.0001 0.00149555 
0.00017 -0.0001 0.00149555 
0.00017 0.0001 0.00149555 
-0.00017 -0.0003 0.0014371 
-0.00017 0.0003 0.0014371 
0.00017 -0.0003 0.0014371 
0.00017 0.0003 0.0014371 
-0.00017 -0.0005 0.00132696 
-0.00017 0.0005 0.00132696 
0.00017 -0.0005 0.00132696 
0.00017 0.0005 0.00132696 
-0.00017 -0.0007 0.00117738 
-0.00017 0.0007 0.00117738 
0.00017 -0.0007 0.00117738 
0.00017 0.0007 0.00117738 
-0.00017 -0.0009 0.00100383 
-0.00017 0.0009 0.00100383 
0.00017 -0.0009 0.00100383 
0.00017 0.0009 0.00100383 
-0.00017 -0.0011 0.000822415 
-0.00017 0.0011 0.000822415 
0.00017 -0.0011 0.000822415 
0.00017 0.0011 0.000822415 
-0.00017 -0.0013 0.000647451 
-0.00017 0.0013 0.000647451 
0.00017 -0.0013 0.000647451 
0.00017 0.0013 0.000647451 
-0.00017 -0.0015 0.000489789 
-0.00017 0.0015 0.000489789 
0.00017 -0.0015 0.000489789 
0.00017 0.0015 0.000489789 
-0.00017 -0.0017 0.000356038 
-0.00017 0.0017 0.000356038 
0.00017 -0.0017 0.000356038 
0.00017 0.0017 0.000356038 
-0.00017 -0.0019 0.000248697 
-0.00017 0.0019 0.000248697 
0.00017 -0.0019 0.000248697 
0.00017 0.0019 0.000248697 
-0.00017 -0.0021 0.000166928 
-0.00017 0.0021 0.000166928 
0.00017 -0.0021 0.000166928 
0.00017 0.0021 0.000166928 
-0.00017 -0.0023 0.000107665 
-0.00017 0.0023 0.000107665 
0.00017 -0.0023 0.000107665 
0.00017 0.0023 0.000107665 
-0.00017 -0.0025 6.67273e-05 
-0.00017 0.0025 6.67273e-05 
0.00017 -0.0025 6.67273e-05 
0.00017 0.0025 6.67273e-05 
-0.00017 -0.0027 3.97391e-05 
-0.00017 0.0027 3.97391e-05 
0.00017 -0.0027 3.97391e-05 
0.00017 0.0027 3.97391e-05 
-0.00017 -0.0029 2.27415e-05 
-0.00017 0.0029 2.27415e-05 
0.00017 -0.0029 2.27415e-05 
0.00017 0.0029 2.27415e-05 
-0.00017 -0.0031 1.25056e-05 
-0.00017 0.0031 1.25056e-05 
0.00017 -0.0031 1.25056e-05 
0.00017 0.0031 1.25056e-05 
-0.00017 -0.0033 6.60808e-06 
-0.00017 0.0033 6.60808e-06 
0.00017 -0.0033 6.60808e-06 
0.00017 0.0033 6.60808e-06 
-0.00017 -0.0035 3.35529e-06 
-0.00017 0.0035 3.35529e-06 
0.00017 -0.0035 3.35529e-06 
0.00017 0.0035 3.35529e-06 
-0.00017 -0.0037 1.63708e-06 
-0.00017 0.0037 1.63708e-06 
0.00017 -0.0037 1.63708e-06 
0.00017 0.0037 1.63708e-06 
-0.00017 -0.0039 7.67529e-07 
-0.00017 0.0039 7.67529e-07 
0.00017 -0.0039 7.67529e-07 
0.00017 0.0039 7.67529e-07 
-0.00017 -0.0041 3.45783e-07 
-0.00017 0.0041 3.45783e-07 
0.00017 -0.0041 3.45783e-07 
0.00017 0.0041 3.45783e-07 
-0.00017 -0.0043 1.49691e-07 
-0.00017 0.0043 1.49691e-07 
0.00017 -0.0043 1.49691e-07 
0.00017 0.0043 1.49691e-07 
-0.00017 -0.0045 6.22693e-08 
-0.00017 0.0045 6.22693e-08 
0.00017 -0.0045 6.22693e-08 
0.00017 0.0045 6.22693e-08 
-0.00017 -0.0047 2.48906e-08 
-0.00017 0.0047 2.48906e-08 
0.00017 -0.0047 2.48906e-08 
0.00017 0.0047 2.48906e-08 
-0.00017 -0.0049 9.56047e-09 
-0.00017 0.0049 9.56047e-09 
0.00017 -0.0049 9.56047e-09 
0.00017 0.0049 9.56047e-09 
-0.00019 -0.0001 0.00104466 
-0.00019 0.0001 0.00104466 
0.00019 -0.0001 0.00104466 
0.00019 0.0001 0.00104466 
-0.00019 -0.0003 0.00100383 
-0.00019 0.0003 0.00100383 
0.00019 -0.0003 0.00100383 
0.00019 0.0003 0.00100383 
-0.00019 -0.0005 0.000926899 
-0.00019 0.0005 0.000926899 
0.00019 -0.0005 0.000926899 
0.00019 0.0005 0.000926899 
-0.00019 -0.0007 0.000822414 
-0.00019 0.0007 0.000822414 
0.00019 -0.0007 0.000822414 
0.00019 0.0007 0.000822414 
-0.00019 -0.0009 0.000701188 
-0.00019 0.0009 0.000701188 
0.00019 -0.0009 0.000701188 
0.00019 0.0009 0.000701188 
-0.00019 -0.0011 0.000574466 
-0.00019 0.0011 0.000574466 
0.00019 -0.0011 0.000574466 
0.00019 0.0011 0.000574466 
-0.00019 -0.0013 0.000452252 
-0.00019 0.0013 0.000452252 
0.00019 -0.0013 0.000452252 
0.00019 0.0013 0.000452252 
-0.00019 -0.0015 0.000342123 
-0.00019 0.0015 0.000342123 
0.00019 -0.0015 0.000342123 
0.00019 0.0015 0.000342123 
-0.00019 -0.0017 0.000248697 
-0.00019 0.0017 0.000248697 
0.00019 -0.0017 0.000248697 
0.00019 0.0017 0.000248697 
-0.00019 -0.0019 0.000173717 
-0.00019 0.0019 0.000173717 
0.00019 -0.0019 0.000173717 
0.00019 0.0019 0.000173717 
-0.00019 -0.0021 0.000116601 
-0.00019 0.0021 0.000116601 
0.00019 -0.0021 0.000116601 
0.00019 0.0021 0.000116601 
-0.00019 -0.0023 7.5205e-05 
-0.00019 0.0023 7.5205e-05 
0.00019 -0.0023 7.5205e-05 
0.00019 0.0023 7.5205e-05 
-0.00019 -0.0025 4.66097e-05 
-0.00019 0.0025 4.66097e-05 
0.00019 -0.0025 4.66097e-05 
0.00019 0.0025 4.66097e-05 
-0.00019 -0.0027 2.77582e-05 
-0.00019 0.0027 2.77582e-05 
0.00019 -0.0027 2.77582e-05 
0.00019 0.0027 2.77582e-05 
-0.00019 -0.0029 1.58852e-05 
-0.00019 0.0029 1.58852e-05 
0.00019 -0.0029 1.58852e-05 
0.00019 0.0029 1.58852e-05 
-0.00019 -0.0031 8.7353e-06 
-0.00019 0.0031 8.7353e-06 
0.00019 -0.0031 8.7353e-06 
0.00019 0.0031 8.7353e-06 
-0.00019 -0.0033 4.61582e-06 
-0.00019 0.0033 4.61582e-06 
0.00019 -0.0033 4.61582e-06 
0.00019 0.0033 4.61582e-06 
-0.00019 -0.0035 2.34371e-06 
-0.00019 0.0035 2.34371e-06 
0.00019 -0.0035 2.34371e-06 
0.00019 0.0035 2.34371e-06 
-0.00019 -0.0037 1.14352e-06 
-0.00019 0.0037 1.14352e-06 
0.00019 -0.0037 1.14352e-06 
0.00019 0.0037 1.14352e-06 
-0.00019 -0.0039 5.36128e-07 
-0.00019 0.0039 5.36128e-07 
0.00019 -0.0039 5.36128e-07 
0.00019 0.0039 5.36128e-07 
-0.00019 -0.0041 2.41533e-07 
-0.00019 0.0041 2.41533e-07 
0.00019 -0.0041 2.41533e-07 
0.00019 0.0041 2.41533e-07 
-0.00019 -0.0043 1.04561e-07 
-0.00019 0.0043 1.04561e-07 
0.00019 -0.0043 1.04561e-07 
0.00019 0.0043 1.04561e-07 
-0.00019 -0.0045 4.34958e-08 
-0.00019 0.0045 4.34958e-08 
0.00019 -0.0045 4.34958e-08 
0.00019 0.0045 4.34958e-08 
-0.00019 -0.0047 1.73863e-08 
-0.00019 0.0047 1.73863e-08 
0.00019 -0.0047 1.73863e-08 
0.00019 0.0047 1.73863e-08 
-0.00019 -0.0049 6.67809e-09 
-0.00019 0.0049 6.67809e-09 
0.00019 -0.0049 6.67809e-09 
0.00019 0.0049 6.67809e-09 
-0.00021 -0.0001 0.000701186 
-0.00021 0.0001 0.000701186 
0.00021 -0.0001 0.000701186 
0.00021 0.0001 0.000701186 
-0.00021 -0.0003 0.000673781 
-0.00021 0.0003 0.000673781 
0.00021 -0.0003 0.000673781 
0.00021 0.0003 0.000673781 
-0.00021 -0.0005 0.000622144 
-0.00021 0.0005 0.000622144 
0.00021 -0.0005 0.000622144 
0.00021 0.0005 0.000622144 
-0.00021 -0.0007 0.000552013 
-0.00021 0.0007 0.000552013 
0.00021 -0.0007 0.000552013 
0.00021 0.0007 0.000552013 
-0.00021 -0.0009 0.000470645 
-0.00021 0.0009 0.000470645 
0.00021 -0.0009 0.000470645 
0.00021 0.0009 0.000470645 
-0.00021 -0.0011 0.000385588 
-0.00021 0.0011 0.000385588 
0.00021 -0.0011 0.000385588 
0.00021 0.0011 0.000385588 
-0.00021 -0.0013 0.000303556 
-0.00021 0.0013 0.000303556 
0.00021 -0.0013 0.000303556 
0.00021 0.0013 0.000303556 
-0.00021 -0.0015 0.000229637 
-0.00021 0.0015 0.000229637 
0.00021 -0.0015 0.000229637 
0.00021 0.0015 0.000229637 
-0.00021 -0.0017 0.000166928 
-0.00021 0.0017 0.000166928 
0.00021 -0.0017 0.000166928 
0.00021 0.0017 0.000166928 
-0.00021 -0.0019 0.000116601 
-0.00021 0.0019 0.000116601 
0.00021 -0.0019 0.000116601 
0.00021 0.0019 0.000116601 
-0.00021 -0.0021 7.82638e-05 
-0.00021 0.0021 7.82638e-05 
0.00021 -0.0021 7.82638e-05 
0.00021 0.0021 7.82638e-05 
-0.00021 -0.0023 5.04784e-05 
-0.00021 0.0023 5.04784e-05 
0.00021 -0.0023 5.04784e-05 
0.00021 0.0023 5.04784e-05 
-0.00021 -0.0025 3.1285e-05 
-0.00021 0.0025 3.1285e-05 
0.00021 -0.0025 3.1285e-05 
0.00021 0.0025 3.1285e-05 
-0.00021 -0.0027 1.86316e-05 
-0.00021 0.0027 1.86316e-05 
0.00021 -0.0027 1.86316e-05 
0.00021 0.0027 1.86316e-05 
-0.00021 -0.0029 1.06623e-05 
-0.00021 0.0029 1.06623e-05 
0.00021 -0.0029 1.06623e-05 
0.00021 0.0029 1.06623e-05 
-0.00021 -0.0031 5.86323e-06 
-0.00021 0.0031 5.86323e-06 
0.00021 -0.0031 5.86323e-06 
0.00021 0.0031 5.86323e-06 
-0.00021 -0.0033 3.09819e-06 
-0.00021 0.0033 3.09819e-06 
0.00021 -0.0033 3.09819e-06 
0.00021 0.0033 3.09819e-06 
-0.00021 -0.0035 1.57312e-06 
-0.00021 0.0035 1.57312e-06 
0.00021 -0.0035 1.57312e-06 
0.00021 0.0035 1.57312e-06 
-0.00021 -0.0037 7.67543e-07 
-0.00021 0.0037 7.67543e-07 
0.00021 -0.0037 7.67543e-07 
0.00021 0.0037 7.67543e-07 
-0.00021 -0.0039 3.59855e-07 
-0.00021 0.0039 3.59855e-07 
0.00021 -0.0039 3.59855e-07 
0.00021 0.0039 3.59855e-07 
-0.00021 -0.0041 1.6212e-07 
-0.00021 0.0041 1.6212e-07 
0.00021 -0.0041 1.6212e-07 
0.00021 0.0041 1.6212e-07 
-0.00021 -0.0043 7.01826e-08 
-0.00021 0.0043 7.01826e-08 
0.00021 -0.0043 7.01826e-08 
0.00021 0.0043 7.01826e-08 
-0.00021 -0.0045 2.91948e-08 
-0.00021 0.0045 2.91948e-08 
0.00021 -0.0045 2.91948e-08 
0.00021 0.0045 2.91948e-08 
-0.00021 -0.0047 1.16699e-08 
-0.00021 0.0047 1.16699e-08 
0.00021 -0.0047 1.16699e-08 
0.00021 0.0047 1.16699e-08 
-0.00021 -0.0049 4.48241e-09 
-0.00021 0.0049 4.48241e-09 
0.00021 -0.0049 4.48241e-09 
0.00021 0.0049 4.48241e-09 
-0.00023 -0.0001 0.000452249 
-0.00023 0.0001 0.000452249 
0.00023 -0.0001 0.000452249 
0.00023 0.0001 0.000452249 
-0.00023 -0.0003 0.000434574 
-0.00023 0.0003 0.000434574 
0.00023 -0.0003 0.000434574 
0.00023 0.0003 0.000434574 
-0.00023 -0.0005 0.000401269 
-0.00023 0.0005 0.000401269 
0.00023 -0.0005 0.000401269 
0.00023 0.0005 0.000401269 
-0.00023 -0.0007 0.000356036 
-0.00023 0.0007 0.000356036 
0.00023 -0.0007 0.000356036 
0.00023 0.0007 0.000356036 
-0.00023 -0.0009 0.000303555 
-0.00023 0.0009 0.000303555 
0.00023 -0.0009 0.000303555 
0.00023 0.0009 0.000303555 
-0.00023 -0.0011 0.000248695 
-0.00023 0.0011 0.000248695 
0.00023 -0.0011 0.000248695 
0.00023 0.0011 0.000248695 
-0.00023 -0.0013 0.000195787 
-0.00023 0.0013 0.000195787 
0.00023 -0.0013 0.000195787 
0.00023 0.0013 0.000195787 
-0.00023 -0.0015 0.00014811 
-0.00023 0.0015 0.00014811 
0.00023 -0.0015 0.00014811 
0.00023 0.0015 0.00014811 
-0.00023 -0.0017 0.000107665 
-0.00023 0.0017 0.000107665 
0.00023 -0.0017 0.000107665 
0.00023 0.0017 0.000107665 
-0.00023 -0.0019 7.5205e-05 
-0.00023 0.0019 7.5205e-05 
0.00023 -0.0019 7.5205e-05 
0.00023 0.0019 7.5205e-05 
-0.00023 -0.0021 5.04784e-05 
-0.00023 0.0021 5.04784e-05 
0.00023 -0.0021 5.04784e-05 
0.00023 0.0021 5.04784e-05 
-0.00023 -0.0023 3.25574e-05 
-0.00023 0.0023 3.25574e-05 
0.00023 -0.0023 3.25574e-05 
0.00023 0.0023 3.25574e-05 
-0.00023 -0.0025 2.01781e-05 
-0.00023 0.0025 2.01781e-05 
0.00023 -0.0025 2.01781e-05 
0.00023 0.0025 2.01781e-05 
-0.00023 -0.0027 1.2017e-05 
-0.00023 0.0027 1.2017e-05 
0.00023 -0.0027 1.2017e-05 
0.00023 0.0027 1.2017e-05 
-0.00023 -0.0029 6.87695e-06 
-0.00023 0.0029 6.87695e-06 
0.00023 -0.0029 6.87695e-06 
0.00023 0.0029 6.87695e-06 
-0.00023 -0.0031 3.78165e-06 
-0.00023 0.0031 3.78165e-06 
0.00023 -0.0031 3.78165e-06 
0.00023 0.0031 3.78165e-06 
-0.00023 -0.0033 1.99826e-06 
-0.00023 0.0033 1.99826e-06 
0.00023 -0.0033 1.99826e-06 
0.00023 0.0033 1.99826e-06 
-0.00023 -0.0035 1.01463e-06 
-0.00023 0.0035 1.01463e-06 
0.00023 -0.0035 1.01463e-06 
0.00023 0.0035 1.01463e-06 
-0.00023 -0.0037 4.95048e-07 
-0.00023 0.0037 4.95048e-07 
0.00023 -0.0037 4.95048e-07 
0.00023 0.0037 4.95048e-07 
-0.00023 -0.0039 2.32098e-07 
-0.00023 0.0039 2.32098e-07 
0.00023 -0.0039 2.32098e-07 
0.00023 0.0039 2.32098e-07 
-0.00023 -0.0041 1.04564e-07 
-0.00023 0.0041 1.04564e-07 
0.00023 -0.0041 1.04564e-07 
0.00023 0.0041 1.04564e-07 
-0.00023 -0.0043 4.52662e-08 
-0.00023 0.0043 4.52662e-08 
0.00023 -0.0043 4.52662e-08 
0.00023 0.0043 4.52662e-08 
-0.00023 -0.0045 1.883e-08 
-0.00023 0.0045 1.883e-08 
0.00023 -0.0045 1.883e-08 
0.00023 0.0045 1.883e-08 
-0.00023 -0.0047 7.52682e-09 
-0.00023 0.0047 7.52682e-09 
0.00023 -0.0047 7.52682e-09 
0.00023 0.0047 7.52682e-09 
-0.00023 -0.0049 2.89105e-09 
-0.00023 0.0049 2.89105e-09 
0.00023 -0.0049 2.89105e-09 
0.00023 0.0049 2.89105e-09 
-0.00025 -0.0001 0.00028029 
-0.00025 0.0001 0.00028029 
0.00025 -0.0001 0.00028029 
0.00025 0.0001 0.00028029 
-0.00025 -0.0003 0.000269335 
-0.00025 0.0003 0.000269335 
0.00025 -0.0003 0.000269335 
0.00025 0.0003 0.000269335 
-0.00025 -0.0005 0.000248694 
-0.00025 0.0005 0.000248694 
0.00025 -0.0005 0.000248694 
0.00025 0.0005 0.000248694 
-0.00025 -0.0007 0.00022066 
-0.00025 0.0007 0.00022066 
0.00025 -0.0007 0.00022066 
0.00025 0.0007 0.00022066 
-0.00025 -0.0009 0.000188134 
-0.00025 0.0009 0.000188134 
0.00025 -0.0009 0.000188134 
0.00025 0.0009 0.000188134 
-0.00025 -0.0011 0.000154134 
-0.00025 0.0011 0.000154134 
0.00025 -0.0011 0.000154134 
0.00025 0.0011 0.000154134 
-0.00025 -0.0013 0.000121343 
-0.00025 0.0013 0.000121343 
0.00025 -0.0013 0.000121343 
0.00025 0.0013 0.000121343 
-0.00025 -0.0015 9.17943e-05 
-0.00025 0.0015 9.17943e-05 
0.00025 -0.0015 9.17943e-05 
0.00025 0.0015 9.17943e-05 
-0.00025 -0.0017 6.67273e-05 
-0.00025 0.0017 6.67273e-05 
0.00025 -0.0017 6.67273e-05 
0.00025 0.0017 6.67273e-05 
-0.00025 -0.0019 4.66097e-05 
-0.00025 0.0019 4.66097e-05 
0.00025 -0.0019 4.66097e-05 
0.00025 0.0019 4.66097e-05 
-0.00025 -0.0021 3.1285e-05 
-0.00025 0.0021 3.1285e-05 
0.00025 -0.0021 3.1285e-05 
0.00025 0.0021 3.1285e-05 
-0.00025 -0.0023 2.01781e-05 
-0.00025 0.0023 2.01781e-05 
0.00025 -0.0023 2.01781e-05 
0.00025 0.0023 2.01781e-05 
-0.00025 -0.0025 1.25058e-05 
-0.00025 0.0025 1.25058e-05 
0.00025 -0.0025 1.25058e-05 
0.00025 0.0025 1.25058e-05 
-0.00025 -0.0027 7.44775e-06 
-0.00025 0.0027 7.44775e-06 
0.00025 -0.0027 7.44775e-06 
0.00025 0.0027 7.44775e-06 
-0.00025 -0.0029 4.26212e-06 
-0.00025 0.0029 4.26212e-06 
0.00025 -0.0029 4.26212e-06 
0.00025 0.0029 4.26212e-06 
-0.00025 -0.0031 2.34375e-06 
-0.00025 0.0031 2.34375e-06 
0.00025 -0.0031 2.34375e-06 
0.00025 0.0031 2.34375e-06 
-0.00025 -0.0033 1.23846e-06 
-0.00025 0.0033 1.23846e-06 
0.00025 -0.0033 1.23846e-06 
0.00025 0.0033 1.23846e-06 
-0.00025 -0.0035 6.28836e-07 
-0.00025 0.0035 6.28836e-07 
0.00025 -0.0035 6.28836e-07 
0.00025 0.0035 6.28836e-07 
-0.00025 -0.0037 3.06815e-07 
-0.00025 0.0037 3.06815e-07 
0.00025 -0.0037 3.06815e-07 
0.00025 0.0037 3.06815e-07 
-0.00025 -0.0039 1.43847e-07 
-0.00025 0.0039 1.43847e-07 
0.00025 -0.0039 1.43847e-07 
0.00025 0.0039 1.43847e-07 
-0.00025 -0.0041 6.48053e-08 
-0.00025 0.0041 6.48053e-08 
0.00025 -0.0041 6.48053e-08 
0.00025 0.0041 6.48053e-08 
-0.00025 -0.0043 2.80546e-08 
-0.00025 0.0043 2.80546e-08 
0.00025 -0.0043 2.80546e-08 
0.00025 0.0043 2.80546e-08 
-0.00025 -0.0045 1.16703e-08 
-0.00025 0.0045 1.16703e-08 
0.00025 -0.0045 1.16703e-08 
0.00025 0.0045 1.16703e-08 
-0.00025 -0.0047 4.66489e-09 
-0.00025 0.0047 4.66489e-09 
0.00025 -0.0047 4.66489e-09 
0.00025 0.0047 4.66489e-09 
-0.00025 -0.0049 1.79178e-09 
-0.00025 0.0049 1.79178e-09 
0.00025 -0.0049 1.79178e-09 
0.00025 0.0049 1.79178e-09 
-0.00027 -0.0001 0.000166926 
-0.00027 0.0001 0.000166926 
0.00027 -0.0001 0.000166926 
0.00027 0.0001 0.000166926 
-0.00027 -0.0003 0.000160402 
-0.00027 0.0003 0.000160402 
0.00027 -0.0003 0.000160402 
0.00027 0.0003 0.000160402 
-0.00027 -0.0005 0.000148109 
-0.00027 0.0005 0.000148109 
0.00027 -0.0005 0.000148109 
0.00027 0.0005 0.000148109 
-0.00027 -0.0007 0.000131413 
-0.00027 0.0007 0.000131413 
0.00027 -0.0007 0.000131413 
0.00027 0.0007 0.000131413 
-0.00027 -0.0009 0.000112043 
-0.00027 0.0009 0.000112043 
0.00027 -0.0009 0.000112043 
0.00027 0.0009 0.000112043 
-0.00027 -0.0011 9.17938e-05 
-0.00027 0.0011 9.17938e-05 
0.00027 -0.0011 9.17938e-05 
0.00027 0.0011 9.17938e-05 
-0.00027 -0.0013 7.22652e-05 
-0.00027 0.0013 7.22652e-05 
0.00027 -0.0013 7.22652e-05 
0.00027 0.0013 7.22652e-05 
-0.00027 -0.0015 5.46677e-05 
-0.00027 0.0015 5.46677e-05 
0.00027 -0.0015 5.46677e-05 
0.00027 0.0015 5.46677e-05 
-0.00027 -0.0017 3.97391e-05 
-0.00027 0.0017 3.97391e-05 
0.00027 -0.0017 3.97391e-05 
0.00027 0.0017 3.97391e-05 
-0.00027 -0.0019 2.77582e-05 
-0.00027 0.0019 2.77582e-05 
0.00027 -0.0019 2.77582e-05 
0.00027 0.0019 2.77582e-05 
-0.00027 -0.0021 1.86316e-05 
-0.00027 0.0021 1.86316e-05 
0.00027 -0.0021 1.86316e-05 
0.00027 0.0021 1.86316e-05 
-0.00027 -0.0023 1.2017e-05 
-0.00027 0.0023 1.2017e-05 
0.00027 -0.0023 1.2017e-05 
0.00027 0.0023 1.2017e-05 
-0.00027 -0.0025 7.44775e-06 
-0.00027 0.0025 7.44775e-06 
0.00027 -0.0025 7.44775e-06 
0.00027 0.0025 7.44775e-06 
-0.00027 -0.0027 4.43548e-06 
-0.00027 0.0027 4.43548e-06 
0.00027 -0.0027 4.43548e-06 
0.00027 0.0027 4.43548e-06 
-0.00027 -0.0029 2.53829e-06 
-0.00027 0.0029 2.53829e-06 
0.00027 -0.0029 2.53829e-06 
0.00027 0.0029 2.53829e-06 
-0.00027 -0.0031 1.39581e-06 
-0.00027 0.0031 1.39581e-06 
0.00027 -0.0031 1.39581e-06 
0.00027 0.0031 1.39581e-06 
-0.00027 -0.0033 7.3756e-07 
-0.00027 0.0033 7.3756e-07 
0.00027 -0.0033 7.3756e-07 
0.00027 0.0033 7.3756e-07 
-0.00027 -0.0035 3.74501e-07 
-0.00027 0.0035 3.74501e-07 
0.00027 -0.0035 3.74501e-07 
0.00027 0.0035 3.74501e-07 
-0.00027 -0.0037 1.82723e-07 
-0.00027 0.0037 1.82723e-07 
0.00027 -0.0037 1.82723e-07 
0.00027 0.0037 1.82723e-07 
-0.00027 -0.0039 8.56677e-08 
-0.00027 0.0039 8.56677e-08 
0.00027 -0.0039 8.56677e-08 
0.00027 0.0039 8.56677e-08 
-0.00027 -0.0041 3.85945e-08 
-0.00027 0.0041 3.85945e-08 
0.00027 -0.0041 3.85945e-08 
0.00027 0.0041 3.85945e-08 
-0.00027 -0.0043 1.67078e-08 
-0.00027 0.0043 1.67078e-08 
0.00027 -0.0043 1.67078e-08 
0.00027 0.0043 1.67078e-08 
-0.00027 -0.0045 6.95018e-09 
-0.00027 0.0045 6.95018e-09 
0.00027 -0.0045 6.95018e-09 
0.00027 0.0045 6.95018e-09 
-0.00027 -0.0047 2.77816e-09 
-0.00027 0.0047 2.77816e-09 
0.00027 -0.0047 2.77816e-09 
0.00027 0.0047 2.77816e-09 
-0.00027 -0.0049 1.06709e-09 
-0.00027 0.0049 1.06709e-09 
0.00027 -0.0049 1.06709e-09 
0.00027 0.0049 1.06709e-09 
-0.00029 -0.0001 9.55264e-05 
-0.00029 0.0001 9.55264e-05 
0.00029 -0.0001 9.55264e-05 
0.00029 0.0001 9.55264e-05 
-0.00029 -0.0003 9.17929e-05 
-0.00029 0.0003 9.17929e-05 
0.00029 -0.0003 9.17929e-05 
0.00029 0.0003 9.17929e-05 
-0.00029 -0.0005 8.47581e-05 
-0.00029 0.0005 8.47581e-05 
0.00029 -0.0005 8.47581e-05 
0.00029 0.0005 8.47581e-05 
-0.00029 -0.0007 7.52037e-05 
-0.00029 0.0007 7.52037e-05 
0.00029 -0.0007 7.52037e-05 
0.00029 0.0007 7.52037e-05 
-0.00029 -0.0009 6.41185e-05 
-0.00029 0.0009 6.41185e-05 
0.00029 -0.0009 6.41185e-05 
0.00029 0.0009 6.41185e-05 
-0.00029 -0.0011 5.25308e-05 
-0.00029 0.0011 5.25308e-05 
0.00029 -0.0011 5.25308e-05 
0.00029 0.0011 5.25308e-05 
-0.00029 -0.0013 4.13551e-05 
-0.00029 0.0013 4.13551e-05 
0.00029 -0.0013 4.13551e-05 
0.00029 0.0013 4.13551e-05 
-0.00029 -0.0015 3.12847e-05 
-0.00029 0.0015 3.12847e-05 
0.00029 -0.0015 3.12847e-05 
0.00029 0.0015 3.12847e-05 
-0.00029 -0.0017 2.27415e-05 
-0.00029 0.0017 2.27415e-05 
0.00029 -0.0017 2.27415e-05 
0.00029 0.0017 2.27415e-05 
-0.00029 -0.0019 1.58852e-05 
-0.00029 0.0019 1.58852e-05 
0.00029 -0.0019 1.58852e-05 
0.00029 0.0019 1.58852e-05 
-0.00029 -0.0021 1.06623e-05 
-0.00029 0.0021 1.06623e-05 
0.00029 -0.0021 1.06623e-05 
0.00029 0.0021 1.06623e-05 
-0.00029 -0.0023 6.87695e-06 
-0.00029 0.0023 6.87695e-06 
0.00029 -0.0023 6.87695e-06 
0.00029 0.0023 6.87695e-06 
-0.00029 -0.0025 4.26212e-06 
-0.00029 0.0025 4.26212e-06 
0.00029 -0.0025 4.26212e-06 
0.00029 0.0025 4.26212e-06 
-0.00029 -0.0027 2.53829e-06 
-0.00029 0.0027 2.53829e-06 
0.00029 -0.0027 2.53829e-06 
0.00029 0.0027 2.53829e-06 
-0.00029 -0.0029 1.45258e-06 
-0.00029 0.0029 1.45258e-06 
0.00029 -0.0029 1.45258e-06 
0.00029 0.0029 1.45258e-06 
-0.00029 -0.0031 7.9878e-07 
-0.00029 0.0031 7.9878e-07 
0.00029 -0.0031 7.9878e-07 
0.00029 0.0031 7.9878e-07 
-0.00029 -0.0033 4.22083e-07 
-0.00029 0.0033 4.22083e-07 
0.00029 -0.0033 4.22083e-07 
0.00029 0.0033 4.22083e-07 
-0.00029 -0.0035 2.14315e-07 
-0.00029 0.0035 2.14315e-07 
0.00029 -0.0035 2.14315e-07 
0.00029 0.0035 2.14315e-07 
-0.00029 -0.0037 1.04567e-07 
-0.00029 0.0037 1.04567e-07 
0.00029 -0.0037 1.04567e-07 
0.00029 0.0037 1.04567e-07 
-0.00029 -0.0039 4.9025e-08 
-0.00029 0.0039 4.9025e-08 
0.00029 -0.0039 4.9025e-08 
0.00029 0.0039 4.9025e-08 
-0.00029 -0.0041 2.20865e-08 
-0.00029 0.0041 2.20865e-08 
0.00029 -0.0041 2.20865e-08 
0.00029 0.0041 2.20865e-08 
-0.00029 -0.0043 9.56136e-09 
-0.00029 0.0043 9.56136e-09 
0.00029 -0.0043 9.56136e-09 
0.00029 0.0043 9.56136e-09 
-0.00029 -0.0045 3.97737e-09 
-0.00029 0.0045 3.97737e-09 
0.00029 -0.0045 3.97737e-09 
0.00029 0.0045 3.97737e-09 
-0.00029 -0.0047 1.58985e-09 
-0.00029 0.0047 1.58985e-09 
0.00029 -0.0047 1.58985e-09 
0.00029 0.0047 1.58985e-09 
-0.00029 -0.0049 6.10663e-10 
-0.00029 0.0049 6.10663e-10 
0.00029 -0.0049 6.10663e-10 
0.00029 0.0049 6.10663e-10 
-0.00031 -0.0001 5.25302e-05 
-0.00031 0.0001 5.25302e-05 
0.00031 -0.0001 5.25302e-05 
0.00031 0.0001 5.25302e-05 
-0.00031 -0.0003 5.04772e-05 
-0.00031 0.0003 5.04772e-05 
0.00031 -0.0003 5.04772e-05 
0.00031 0.0003 5.04772e-05 
-0.00031 -0.0005 4.66087e-05 
-0.00031 0.0005 4.66087e-05 
0.00031 -0.0005 4.66087e-05 
0.00031 0.0005 4.66087e-05 
-0.00031 -0.0007 4.13547e-05 
-0.00031 0.0007 4.13547e-05 
0.00031 -0.0007 4.13547e-05 
0.00031 0.0007 4.13547e-05 
-0.00031 -0.0009 3.52589e-05 
-0.00031 0.0009 3.52589e-05 
0.00031 -0.0009 3.52589e-05 
0.00031 0.0009 3.52589e-05 
-0.00031 -0.0011 2.88868e-05 
-0.00031 0.0011 2.88868e-05 
0.00031 -0.0011 2.88868e-05 
0.00031 0.0011 2.88868e-05 
-0.00031 -0.0013 2.27413e-05 
-0.00031 0.0013 2.27413e-05 
0.00031 -0.0013 2.27413e-05 
0.00031 0.0013 2.27413e-05 
-0.00031 -0.0015 1.72035e-05 
-0.00031 0.0015 1.72035e-05 
0.00031 -0.0015 1.72035e-05 
0.00031 0.0015 1.72035e-05 
-0.00031 -0.0017 1.25056e-05 
-0.00031 0.0017 1.25056e-05 
0.00031 -0.0017 1.25056e-05 
0.00031 0.0017 1.25056e-05 
-0.00031 -0.0019 8.7353e-06 
-0.00031 0.0019 8.7353e-06 
0.00031 -0.0019 8.7353e-06 
0.00031 0.0019 8.7353e-06 
-0.00031 -0.0021 5.86323e-06 
-0.00031 0.0021 5.86323e-06 
0.00031 -0.0021 5.86323e-06 
0.00031 0.0021 5.86323e-06 
-0.00031 -0.0023 3.78165e-06 
-0.00031 0.0023 3.78165e-06 
0.00031 -0.0023 3.78165e-06 
0.00031 0.0023 3.78165e-06 
-0.00031 -0.0025 2.34375e-06 
-0.00031 0.0025 2.34375e-06 
0.00031 -0.0025 2.34375e-06 
0.00031 0.0025 2.34375e-06 
-0.00031 -0.0027 1.39581e-06 
-0.00031 0.0027 1.39581e-06 
0.00031 -0.0027 1.39581e-06 
0.00031 0.0027 1.39581e-06 
-0.00031 -0.0029 7.9878e-07 
-0.00031 0.0029 7.9878e-07 
0.00031 -0.0029 7.9878e-07 
0.00031 0.0029 7.9878e-07 
-0.00031 -0.0031 4.39251e-07 
-0.00031 0.0031 4.39251e-07 
0.00031 -0.0031 4.39251e-07 
0.00031 0.0031 4.39251e-07 
-0.00031 -0.0033 2.32104e-07 
-0.00031 0.0033 2.32104e-07 
0.00031 -0.0033 2.32104e-07 
0.00031 0.0033 2.32104e-07 
-0.00031 -0.0035 1.17852e-07 
-0.00031 0.0035 1.17852e-07 
0.00031 -0.0035 1.17852e-07 
0.00031 0.0035 1.17852e-07 
-0.00031 -0.0037 5.75014e-08 
-0.00031 0.0037 5.75014e-08 
0.00031 -0.0037 5.75014e-08 
0.00031 0.0037 5.75014e-08 
-0.00031 -0.0039 2.6959e-08 
-0.00031 0.0039 2.6959e-08 
0.00031 -0.0039 2.6959e-08 
0.00031 0.0039 2.6959e-08 
-0.00031 -0.0041 1.21454e-08 
-0.00031 0.0041 1.21454e-08 
0.00031 -0.0041 1.21454e-08 
0.00031 0.0041 1.21454e-08 
-0.00031 -0.0043 5.25781e-09 
-0.00031 0.0043 5.25781e-09 
0.00031 -0.0043 5.25781e-09 
0.00031 0.0043 5.25781e-09 
-0.00031 -0.0045 2.18717e-09 
-0.00031 0.0045 2.18717e-09 
0.00031 -0.0045 2.18717e-09 
0.00031 0.0045 2.18717e-09 
-0.00031 -0.0047 8.74264e-10 
-0.00031 0.0047 8.74264e-10 
0.00031 -0.0047 8.74264e-10 
0.00031 0.0047 8.74264e-10 
-0.00031 -0.0049 3.35805e-10 
-0.00031 0.0049 3.35805e-10 
0.00031 -0.0049 3.35805e-10 
0.00031 0.0049 3.35805e-10 
-0.00033 -0.0001 2.77574e-05 
-0.00033 0.0001 2.77574e-05 
0.00033 -0.0001 2.77574e-05 
0.00033 0.0001 2.77574e-05 
-0.00033 -0.0003 2.66726e-05 
-0.00033 0.0003 2.66726e-05 
0.00033 -0.0003 2.66726e-05 
0.00033 0.0003 2.66726e-05 
-0.00033 -0.0005 2.46285e-05 
-0.00033 0.0005 2.46285e-05 
0.00033 -0.0005 2.46285e-05 
0.00033 0.0005 2.46285e-05 
-0.00033 -0.0007 2.18522e-05 
-0.00033 0.0007 2.18522e-05 
0.00033 -0.0007 2.18522e-05 
0.00033 0.0007 2.18522e-05 
-0.00033 -0.0009 1.86312e-05 
-0.00033 0.0009 1.86312e-05 
0.00033 -0.0009 1.86312e-05 
0.00033 0.0009 1.86312e-05 
-0.00033 -0.0011 1.5264e-05 
-0.00033 0.0011 1.5264e-05 
0.00033 -0.0011 1.5264e-05 
0.00033 0.0011 1.5264e-05 
-0.00033 -0.0013 1.20167e-05 
-0.00033 0.0013 1.20167e-05 
0.00033 -0.0013 1.20167e-05 
0.00033 0.0013 1.20167e-05 
-0.00033 -0.0015 9.0905e-06 
-0.00033 0.0015 9.0905e-06 
0.00033 -0.0015 9.0905e-06 
0.00033 0.0015 9.0905e-06 
-0.00033 -0.0017 6.60808e-06 
-0.00033 0.0017 6.60808e-06 
0.00033 -0.0017 6.60808e-06 
0.00033 0.0017 6.60808e-06 
-0.00033 -0.0019 4.61582e-06 
-0.00033 0.0019 4.61582e-06 
0.00033 -0.0019 4.61582e-06 
0.00033 0.0019 4.61582e-06 
-0.00033 -0.0021 3.09819e-06 
-0.00033 0.0021 3.09819e-06 
0.00033 -0.0021 3.09819e-06 
0.00033 0.0021 3.09819e-06 
-0.00033 -0.0023 1.99826e-06 
-0.00033 0.0023 1.99826e-06 
0.00033 -0.0023 1.99826e-06 
0.00033 0.0023 1.99826e-06 
-0.00033 -0.0025 1.23846e-06 
-0.00033 0.0025 1.23846e-06 
0.00033 -0.0025 1.23846e-06 
0.00033 0.0025 1.23846e-06 
-0.00033 -0.0027 7.3756e-07 
-0.00033 0.0027 7.3756e-07 
0.00033 -0.0027 7.3756e-07 
0.00033 0.0027 7.3756e-07 
-0.00033 -0.0029 4.22083e-07 
-0.00033 0.0029 4.22083e-07 
0.00033 -0.0029 4.22083e-07 
0.00033 0.0029 4.22083e-07 
-0.00033 -0.0031 2.32104e-07 
-0.00033 0.0031 2.32104e-07 
0.00033 -0.0031 2.32104e-07 
0.00033 0.0031 2.32104e-07 
-0.00033 -0.0033 1.22646e-07 
-0.00033 0.0033 1.22646e-07 
0.00033 -0.0033 1.22646e-07 
0.00033 0.0033 1.22646e-07 
-0.00033 -0.0035 6.22743e-08 
-0.00033 0.0035 6.22743e-08 
0.00033 -0.0035 6.22743e-08 
0.00033 0.0035 6.22743e-08 
-0.00033 -0.0037 3.03843e-08 
-0.00033 0.0037 3.03843e-08 
0.00033 -0.0037 3.03843e-08 
0.00033 0.0037 3.03843e-08 
-0.00033 -0.0039 1.42454e-08 
-0.00033 0.0039 1.42454e-08 
0.00033 -0.0039 1.42454e-08 
0.00033 0.0039 1.42454e-08 
-0.00033 -0.0041 6.41775e-09 
-0.00033 0.0041 6.41775e-09 
0.00033 -0.0041 6.41775e-09 
0.00033 0.0041 6.41775e-09 
-0.00033 -0.0043 2.77828e-09 
-0.00033 0.0043 2.77828e-09 
0.00033 -0.0043 2.77828e-09 
0.00033 0.0043 2.77828e-09 
-0.00033 -0.0045 1.15572e-09 
-0.00033 0.0045 1.15572e-09 
0.00033 -0.0045 1.15572e-09 
0.00033 0.0045 1.15572e-09 
-0.00033 -0.0047 4.6197e-10 
-0.00033 0.0047 4.6197e-10 
0.00033 -0.0047 4.6197e-10 
0.00033 0.0047 4.6197e-10 
-0.00033 -0.0049 1.77443e-10 
-0.00033 0.0049 1.77443e-10 
0.00033 -0.0049 1.77443e-10 
0.00033 0.0049 1.77443e-10 
-0.00035 -0.0001 1.4094e-05 
-0.00035 0.0001 1.4094e-05 
0.00035 -0.0001 1.4094e-05 
0.00035 0.0001 1.4094e-05 
-0.00035 -0.0003 1.35432e-05 
-0.00035 0.0003 1.35432e-05 
0.00035 -0.0003 1.35432e-05 
0.00035 0.0003 1.35432e-05 
-0.00035 -0.0005 1.25053e-05 
-0.00035 0.0005 1.25053e-05 
0.00035 -0.0005 1.25053e-05 
0.00035 0.0005 1.25053e-05 
-0.00035 -0.0007 1.10956e-05 
-0.00035 0.0007 1.10956e-05 
0.00035 -0.0007 1.10956e-05 
0.00035 0.0007 1.10956e-05 
-0.00035 -0.0009 9.46009e-06 
-0.00035 0.0009 9.46009e-06 
0.00035 -0.0009 9.46009e-06 
0.00035 0.0009 9.46009e-06 
-0.00035 -0.0011 7.75042e-06 
-0.00035 0.0011 7.75042e-06 
0.00035 -0.0011 7.75042e-06 
0.00035 0.0011 7.75042e-06 
-0.00035 -0.0013 6.10156e-06 
-0.00035 0.0013 6.10156e-06 
0.00035 -0.0013 6.10156e-06 
0.00035 0.0013 6.10156e-06 
-0.00035 -0.0015 4.61576e-06 
-0.00035 0.0015 4.61576e-06 
0.00035 -0.0015 4.61576e-06 
0.00035 0.0015 4.61576e-06 
-0.00035 -0.0017 3.35529e-06 
-0.00035 0.0017 3.35529e-06 
0.00035 -0.0017 3.35529e-06 
0.00035 0.0017 3.35529e-06 
-0.00035 -0.0019 2.34371e-06 
-0.00035 0.0019 2.34371e-06 
0.00035 -0.0019 2.34371e-06 
0.00035 0.0019 2.34371e-06 
-0.00035 -0.0021 1.57312e-06 
-0.00035 0.0021 1.57312e-06 
0.00035 -0.0021 1.57312e-06 
0.00035 0.0021 1.57312e-06 
-0.00035 -0.0023 1.01463e-06 
-0.00035 0.0023 1.01463e-06 
0.00035 -0.0023 1.01463e-06 
0.00035 0.0023 1.01463e-06 
-0.00035 -0.0025 6.28836e-07 
-0.00035 0.0025 6.28836e-07 
0.00035 -0.0025 6.28836e-07 
0.00035 0.0025 6.28836e-07 
-0.00035 -0.0027 3.74501e-07 
-0.00035 0.0027 3.74501e-07 
0.00035 -0.0027 3.74501e-07 
0.00035 0.0027 3.74501e-07 
-0.00035 -0.0029 2.14315e-07 
-0.00035 0.0029 2.14315e-07 
0.00035 -0.0029 2.14315e-07 
0.00035 0.0029 2.14315e-07 
-0.00035 -0.0031 1.17852e-07 
-0.00035 0.0031 1.17852e-07 
0.00035 -0.0031 1.17852e-07 
0.00035 0.0031 1.17852e-07 
-0.00035 -0.0033 6.22743e-08 
-0.00035 0.0033 6.22743e-08 
0.00035 -0.0033 6.22743e-08 
0.00035 0.0033 6.22743e-08 
-0.00035 -0.0035 3.16202e-08 
-0.00035 0.0035 3.16202e-08 
0.00035 -0.0035 3.16202e-08 
0.00035 0.0035 3.16202e-08 
-0.00035 -0.0037 1.54278e-08 
-0.00035 0.0037 1.54278e-08 
0.00035 -0.0037 1.54278e-08 
0.00035 0.0037 1.54278e-08 
-0.00035 -0.0039 7.23318e-09 
-0.00035 0.0039 7.23318e-09 
0.00035 -0.0039 7.23318e-09 
0.00035 0.0039 7.23318e-09 
-0.00035 -0.0041 3.25865e-09 
-0.00035 0.0041 3.25865e-09 
0.00035 -0.0041 3.25865e-09 
0.00035 0.0041 3.25865e-09 
-0.00035 -0.0043 1.41069e-09 
-0.00035 0.0043 1.41069e-09 
0.00035 -0.0043 1.41069e-09 
0.00035 0.0043 1.41069e-09 
-0.00035 -0.0045 5.86824e-10 
-0.00035 0.0045 5.86824e-10 
0.00035 -0.0045 5.86824e-10 
0.00035 0.0045 5.86824e-10 
-0.00035 -0.0047 2.34568e-10 
-0.00035 0.0047 2.34568e-10 
0.00035 -0.0047 2.34568e-10 
0.00035 0.0047 2.34568e-10 
-0.00035 -0.0049 9.00976e-11 
-0.00035 0.0049 9.00976e-11 
0.00035 -0.0049 9.00976e-11 
0.00035 0.0049 9.00976e-11 
-0.00037 -0.0001 6.87662e-06 
-0.00037 0.0001 6.87662e-06 
0.00037 -0.0001 6.87662e-06 
0.00037 0.0001 6.87662e-06 
-0.00037 -0.0003 6.60786e-06 
-0.00037 0.0003 6.60786e-06 
0.00037 -0.0003 6.60786e-06 
0.00037 0.0003 6.60786e-06 
-0.00037 -0.0005 6.10145e-06 
-0.00037 0.0005 6.10145e-06 
0.00037 -0.0005 6.10145e-06 
0.00037 0.0005 6.10145e-06 
-0.00037 -0.0007 5.41366e-06 
-0.00037 0.0007 5.41366e-06 
0.00037 -0.0007 5.41366e-06 
0.00037 0.0007 5.41366e-06 
-0.00037 -0.0009 4.61567e-06 
-0.00037 0.0009 4.61567e-06 
0.00037 -0.0009 4.61567e-06 
0.00037 0.0009 4.61567e-06 
-0.00037 -0.0011 3.78151e-06 
-0.00037 0.0011 3.78151e-06 
0.00037 -0.0011 3.78151e-06 
0.00037 0.0011 3.78151e-06 
-0.00037 -0.0013 2.97702e-06 
-0.00037 0.0013 2.97702e-06 
0.00037 -0.0013 2.97702e-06 
0.00037 0.0013 2.97702e-06 
-0.00037 -0.0015 2.25208e-06 
-0.00037 0.0015 2.25208e-06 
0.00037 -0.0015 2.25208e-06 
0.00037 0.0015 2.25208e-06 
-0.00037 -0.0017 1.63708e-06 
-0.00037 0.0017 1.63708e-06 
0.00037 -0.0017 1.63708e-06 
0.00037 0.0017 1.63708e-06 
-0.00037 -0.0019 1.14352e-06 
-0.00037 0.0019 1.14352e-06 
0.00037 -0.0019 1.14352e-06 
0.00037 0.0019 1.14352e-06 
-0.00037 -0.0021 7.67543e-07 
-0.00037 0.0021 7.67543e-07 
0.00037 -0.0021 7.67543e-07 
0.00037 0.0021 7.67543e-07 
-0.00037 -0.0023 4.95048e-07 
-0.00037 0.0023 4.95048e-07 
0.00037 -0.0023 4.95048e-07 
0.00037 0.0023 4.95048e-07 
-0.00037 -0.0025 3.06815e-07 
-0.00037 0.0025 3.06815e-07 
0.00037 -0.0025 3.06815e-07 
0.00037 0.0025 3.06815e-07 
-0.00037 -0.0027 1.82723e-07 
-0.00037 0.0027 1.82723e-07 
0.00037 -0.0027 1.82723e-07 
0.00037 0.0027 1.82723e-07 
-0.00037 -0.0029 1.04567e-07 
-0.00037 0.0029 1.04567e-07 
0.00037 -0.0029 1.04567e-07 
0.00037 0.0029 1.04567e-07 
-0.00037 -0.0031 5.75014e-08 
-0.00037 0.0031 5.75014e-08 
0.00037 -0.0031 5.75014e-08 
0.00037 0.0031 5.75014e-08 
-0.00037 -0.0033 3.03843e-08 
-0.00037 0.0033 3.03843e-08 
0.00037 -0.0033 3.03843e-08 
0.00037 0.0033 3.03843e-08 
-0.00037 -0.0035 1.54278e-08 
-0.00037 0.0035 1.54278e-08 
0.00037 -0.0035 1.54278e-08 
0.00037 0.0035 1.54278e-08 
-0.00037 -0.0037 7.52739e-09 
-0.00037 0.0037 7.52739e-09 
0.00037 -0.0037 7.52739e-09 
0.00037 0.0037 7.52739e-09 
-0.00037 -0.0039 3.52914e-09 
-0.00037 0.0039 3.52914e-09 
0.00037 -0.0039 3.52914e-09 
0.00037 0.0039 3.52914e-09 
-0.00037 -0.0041 1.58993e-09 
-0.00037 0.0041 1.58993e-09 
0.00037 -0.0041 1.58993e-09 
0.00037 0.0041 1.58993e-09 
-0.00037 -0.0043 6.88289e-10 
-0.00037 0.0043 6.88289e-10 
0.00037 -0.0043 6.88289e-10 
0.00037 0.0043 6.88289e-10 
-0.00037 -0.0045 2.86318e-10 
-0.00037 0.0045 2.86318e-10 
0.00037 -0.0045 2.86318e-10 
0.00037 0.0045 2.86318e-10 
-0.00037 -0.0047 1.14448e-10 
-0.00037 0.0047 1.14448e-10 
0.00037 -0.0047 1.14448e-10 
0.00037 0.0047 1.14448e-10 
-0.00037 -0.0049 4.39595e-11 
-0.00037 0.0049 4.39595e-11 
0.00037 -0.0049 4.39595e-11 
0.00037 0.0049 4.39595e-11 
-0.00039 -0.0001 3.22403e-06 
-0.00039 0.0001 3.22403e-06 
0.00039 -0.0001 3.22403e-06 
0.00039 0.0001 3.22403e-06 
-0.00039 -0.0003 3.09803e-06 
-0.00039 0.0003 3.09803e-06 
0.00039 -0.0003 3.09803e-06 
0.00039 0.0003 3.09803e-06 
-0.00039 -0.0005 2.8606e-06 
-0.00039 0.0005 2.8606e-06 
0.00039 -0.0005 2.8606e-06 
0.00039 0.0005 2.8606e-06 
-0.00039 -0.0007 2.53814e-06 
-0.00039 0.0007 2.53814e-06 
0.00039 -0.0007 2.53814e-06 
0.00039 0.0007 2.53814e-06 
-0.00039 -0.0009 2.16401e-06 
-0.00039 0.0009 2.16401e-06 
0.00039 -0.0009 2.16401e-06 
0.00039 0.0009 2.16401e-06 
-0.00039 -0.0011 1.77292e-06 
-0.00039 0.0011 1.77292e-06 
0.00039 -0.0011 1.77292e-06 
0.00039 0.0011 1.77292e-06 
-0.00039 -0.0013 1.39574e-06 
-0.00039 0.0013 1.39574e-06 
0.00039 -0.0013 1.39574e-06 
0.00039 0.0013 1.39574e-06 
-0.00039 -0.0015 1.05586e-06 
-0.00039 0.0015 1.05586e-06 
0.00039 -0.0015 1.05586e-06 
0.00039 0.0015 1.05586e-06 
-0.00039 -0.0017 7.67529e-07 
-0.00039 0.0017 7.67529e-07 
0.00039 -0.0017 7.67529e-07 
0.00039 0.0017 7.67529e-07 
-0.00039 -0.0019 5.36128e-07 
-0.00039 0.0019 5.36128e-07 
0.00039 -0.0019 5.36128e-07 
0.00039 0.0019 5.36128e-07 
-0.00039 -0.0021 3.59855e-07 
-0.00039 0.0021 3.59855e-07 
0.00039 -0.0021 3.59855e-07 
0.00039 0.0021 3.59855e-07 
-0.00039 -0.0023 2.32098e-07 
-0.00039 0.0023 2.32098e-07 
0.00039 -0.0023 2.32098e-07 
0.00039 0.0023 2.32098e-07 
-0.00039 -0.0025 1.43847e-07 
-0.00039 0.0025 1.43847e-07 
0.00039 -0.0025 1.43847e-07 
0.00039 0.0025 1.43847e-07 
-0.00039 -0.0027 8.56677e-08 
-0.00039 0.0027 8.56677e-08 
0.00039 -0.0027 8.56677e-08 
0.00039 0.0027 8.56677e-08 
-0.00039 -0.0029 4.9025e-08 
-0.00039 0.0029 4.9025e-08 
0.00039 -0.0029 4.9025e-08 
0.00039 0.0029 4.9025e-08 
-0.00039 -0.0031 2.6959e-08 
-0.00039 0.0031 2.6959e-08 
0.00039 -0.0031 2.6959e-08 
0.00039 0.0031 2.6959e-08 
-0.00039 -0.0033 1.42454e-08 
-0.00039 0.0033 1.42454e-08 
0.00039 -0.0033 1.42454e-08 
0.00039 0.0033 1.42454e-08 
-0.00039 -0.0035 7.23318e-09 
-0.00039 0.0035 7.23318e-09 
0.00039 -0.0035 7.23318e-09 
0.00039 0.0035 7.23318e-09 
-0.00039 -0.0037 3.52914e-09 
-0.00039 0.0037 3.52914e-09 
0.00039 -0.0037 3.52914e-09 
0.00039 0.0037 3.52914e-09 
-0.00039 -0.0039 1.6546e-09 
-0.00039 0.0039 1.6546e-09 
0.00039 -0.0039 1.6546e-09 
0.00039 0.0039 1.6546e-09 
-0.00039 -0.0041 7.45422e-10 
-0.00039 0.0041 7.45422e-10 
0.00039 -0.0041 7.45422e-10 
0.00039 0.0041 7.45422e-10 
-0.00039 -0.0043 3.22697e-10 
-0.00039 0.0043 3.22697e-10 
0.00039 -0.0043 3.22697e-10 
0.00039 0.0043 3.22697e-10 
-0.00039 -0.0045 1.34237e-10 
-0.00039 0.0045 1.34237e-10 
0.00039 -0.0045 1.34237e-10 
0.00039 0.0045 1.34237e-10 
-0.00039 -0.0047 5.36578e-11 
-0.00039 0.0047 5.36578e-11 
0.00039 -0.0047 5.36578e-11 
0.00039 0.0047 5.36578e-11 
-0.00039 -0.0049 2.061e-11 
-0.00039 0.0049 2.061e-11 
0.00039 -0.0049 2.061e-11 
0.00039 0.0049 2.061e-11 
-0.00041 -0.0001 1.45247e-06 
-0.00041 0.0001 1.45247e-06 
0.00041 -0.0001 1.45247e-06 
0.00041 0.0001 1.45247e-06 
-0.00041 -0.0003 1.39571e-06 
-0.00041 0.0003 1.39571e-06 
0.00041 -0.0003 1.39571e-06 
0.00041 0.0003 1.39571e-06 
-0.00041 -0.0005 1.28874e-06 
-0.00041 0.0005 1.28874e-06 
0.00041 -0.0005 1.28874e-06 
0.00041 0.0005 1.28874e-06 
-0.00041 -0.0007 1.14347e-06 
-0.00041 0.0007 1.14347e-06 
0.00041 -0.0007 1.14347e-06 
0.00041 0.0007 1.14347e-06 
-0.00041 -0.0009 9.74919e-07 
-0.00041 0.0009 9.74919e-07 
0.00041 -0.0009 9.74919e-07 
0.00041 0.0009 9.74919e-07 
-0.00041 -0.0011 7.98727e-07 
-0.00041 0.0011 7.98727e-07 
0.00041 -0.0011 7.98727e-07 
0.00041 0.0011 7.98727e-07 
-0.00041 -0.0013 6.28803e-07 
-0.00041 0.0013 6.28803e-07 
0.00041 -0.0013 6.28803e-07 
0.00041 0.0013 6.28803e-07 
-0.00041 -0.0015 4.75682e-07 
-0.00041 0.0015 4.75682e-07 
0.00041 -0.0015 4.75682e-07 
0.00041 0.0015 4.75682e-07 
-0.00041 -0.0017 3.45783e-07 
-0.00041 0.0017 3.45783e-07 
0.00041 -0.0017 3.45783e-07 
0.00041 0.0017 3.45783e-07 
-0.00041 -0.0019 2.41533e-07 
-0.00041 0.0019 2.41533e-07 
0.00041 -0.0019 2.41533e-07 
0.00041 0.0019 2.41533e-07 
-0.00041 -0.0021 1.6212e-07 
-0.00041 0.0021 1.6212e-07 
0.00041 -0.0021 1.6212e-07 
0.00041 0.0021 1.6212e-07 
-0.00041 -0.0023 1.04564e-07 
-0.00041 0.0023 1.04564e-07 
0.00041 -0.0023 1.04564e-07 
0.00041 0.0023 1.04564e-07 
-0.00041 -0.0025 6.48053e-08 
-0.00041 0.0025 6.48053e-08 
0.00041 -0.0025 6.48053e-08 
0.00041 0.0025 6.48053e-08 
-0.00041 -0.0027 3.85945e-08 
-0.00041 0.0027 3.85945e-08 
0.00041 -0.0027 3.85945e-08 
0.00041 0.0027 3.85945e-08 
-0.00041 -0.0029 2.20865e-08 
-0.00041 0.0029 2.20865e-08 
0.00041 -0.0029 2.20865e-08 
0.00041 0.0029 2.20865e-08 
-0.00041 -0.0031 1.21454e-08 
-0.00041 0.0031 1.21454e-08 
0.00041 -0.0031 1.21454e-08 
0.00041 0.0031 1.21454e-08 
-0.00041 -0.0033 6.41775e-09 
-0.00041 0.0033 6.41775e-09 
0.00041 -0.0033 6.41775e-09 
0.00041 0.0033 6.41775e-09 
-0.00041 -0.0035 3.25865e-09 
-0.00041 0.0035 3.25865e-09 
0.00041 -0.0035 3.25865e-09 
0.00041 0.0035 3.25865e-09 
-0.00041 -0.0037 1.58993e-09 
-0.00041 0.0037 1.58993e-09 
0.00041 -0.0037 1.58993e-09 
0.00041 0.0037 1.58993e-09 
-0.00041 -0.0039 7.45422e-10 
-0.00041 0.0039 7.45422e-10 
0.00041 -0.0039 7.45422e-10 
0.00041 0.0039 7.45422e-10 
-0.00041 -0.0041 3.35824e-10 
-0.00041 0.0041 3.35824e-10 
0.00041 -0.0041 3.35824e-10 
0.00041 0.0041 3.35824e-10 
-0.00041 -0.0043 1.4538e-10 
-0.00041 0.0043 1.4538e-10 
0.00041 -0.0043 1.4538e-10 
0.00041 0.0043 1.4538e-10 
-0.00041 -0.0045 6.04758e-11 
-0.00041 0.0045 6.04758e-11 
0.00041 -0.0045 6.04758e-11 
0.00041 0.0045 6.04758e-11 
-0.00041 -0.0047 2.41736e-11 
-0.00041 0.0047 2.41736e-11 
0.00041 -0.0047 2.41736e-11 
0.00041 0.0047 2.41736e-11 
-0.00041 -0.0049 9.2851e-12 
-0.00041 0.0049 9.2851e-12 
0.00041 -0.0049 9.2851e-12 
0.00041 0.0049 9.2851e-12 
-0.00043 -0.0001 6.28784e-07 
-0.00043 0.0001 6.28784e-07 
0.00043 -0.0001 6.28784e-07 
0.00043 0.0001 6.28784e-07 
-0.00043 -0.0003 6.04209e-07 
-0.00043 0.0003 6.04209e-07 
0.00043 -0.0003 6.04209e-07 
0.00043 0.0003 6.04209e-07 
-0.00043 -0.0005 5.57904e-07 
-0.00043 0.0005 5.57904e-07 
0.00043 -0.0005 5.57904e-07 
0.00043 0.0005 5.57904e-07 
-0.00043 -0.0007 4.95014e-07 
-0.00043 0.0007 4.95014e-07 
0.00043 -0.0007 4.95014e-07 
0.00043 0.0007 4.95014e-07 
-0.00043 -0.0009 4.22048e-07 
-0.00043 0.0009 4.22048e-07 
0.00043 -0.0009 4.22048e-07 
0.00043 0.0009 4.22048e-07 
-0.00043 -0.0011 3.45773e-07 
-0.00043 0.0011 3.45773e-07 
0.00043 -0.0011 3.45773e-07 
0.00043 0.0011 3.45773e-07 
-0.00043 -0.0013 2.72212e-07 
-0.00043 0.0013 2.72212e-07 
0.00043 -0.0013 2.72212e-07 
0.00043 0.0013 2.72212e-07 
-0.00043 -0.0015 2.05925e-07 
-0.00043 0.0015 2.05925e-07 
0.00043 -0.0015 2.05925e-07 
0.00043 0.0015 2.05925e-07 
-0.00043 -0.0017 1.49691e-07 
-0.00043 0.0017 1.49691e-07 
0.00043 -0.0017 1.49691e-07 
0.00043 0.0017 1.49691e-07 
-0.00043 -0.0019 1.04561e-07 
-0.00043 0.0019 1.04561e-07 
0.00043 -0.0019 1.04561e-07 
0.00043 0.0019 1.04561e-07 
-0.00043 -0.0021 7.01826e-08 
-0.00043 0.0021 7.01826e-08 
0.00043 -0.0021 7.01826e-08 
0.00043 0.0021 7.01826e-08 
-0.00043 -0.0023 4.52662e-08 
-0.00043 0.0023 4.52662e-08 
0.00043 -0.0023 4.52662e-08 
0.00043 0.0023 4.52662e-08 
-0.00043 -0.0025 2.80546e-08 
-0.00043 0.0025 2.80546e-08 
0.00043 -0.0025 2.80546e-08 
0.00043 0.0025 2.80546e-08 
-0.00043 -0.0027 1.67078e-08 
-0.00043 0.0027 1.67078e-08 
0.00043 -0.0027 1.67078e-08 
0.00043 0.0027 1.67078e-08 
-0.00043 -0.0029 9.56136e-09 
-0.00043 0.0029 9.56136e-09 
0.00043 -0.0029 9.56136e-09 
0.00043 0.0029 9.56136e-09 
-0.00043 -0.0031 5.25781e-09 
-0.00043 0.0031 5.25781e-09 
0.00043 -0.0031 5.25781e-09 
0.00043 0.0031 5.25781e-09 
-0.00043 -0.0033 2.77828e-09 
-0.00043 0.0033 2.77828e-09 
0.00043 -0.0033 2.77828e-09 
0.00043 0.0033 2.77828e-09 
-0.00043 -0.0035 1.41069e-09 
-0.00043 0.0035 1.41069e-09 
0.00043 -0.0035 1.41069e-09 
0.00043 0.0035 1.41069e-09 
-0.00043 -0.0037 6.88289e-10 
-0.00043 0.0037 6.88289e-10 
0.00043 -0.0037 6.88289e-10 
0.00043 0.0037 6.88289e-10 
-0.00043 -0.0039 3.22697e-10 
-0.00043 0.0039 3.22697e-10 
0.00043 -0.0039 3.22697e-10 
0.00043 0.0039 3.22697e-10 
-0.00043 -0.0041 1.4538e-10 
-0.00043 0.0041 1.4538e-10 
0.00043 -0.0041 1.4538e-10 
0.00043 0.0041 1.4538e-10 
-0.00043 -0.0043 6.29357e-11 
-0.00043 0.0043 6.29357e-11 
0.00043 -0.0043 6.29357e-11 
0.00043 0.0043 6.29357e-11 
-0.00043 -0.0045 2.61803e-11 
-0.00043 0.0045 2.61803e-11 
0.00043 -0.0045 2.61803e-11 
0.00043 0.0045 2.61803e-11 
-0.00043 -0.0047 1.04649e-11 
-0.00043 0.0047 1.04649e-11 
0.00043 -0.0047 1.04649e-11 
0.00043 0.0047 1.04649e-11 
-0.00043 -0.0049 4.01957e-12 
-0.00043 0.0049 4.01957e-12 
0.00043 -0.0049 4.01957e-12 
0.00043 0.0049 4.01957e-12 
-0.00045 -0.0001 2.61564e-07 
-0.00045 0.0001 2.61564e-07 
0.00045 -0.0001 2.61564e-07 
0.00045 0.0001 2.61564e-07 
-0.00045 -0.0003 2.51342e-07 
-0.00045 0.0003 2.51342e-07 
0.00045 -0.0003 2.51342e-07 
0.00045 0.0003 2.51342e-07 
-0.00045 -0.0005 2.32079e-07 
-0.00045 0.0005 2.32079e-07 
0.00045 -0.0005 2.32079e-07 
0.00045 0.0005 2.32079e-07 
-0.00045 -0.0007 2.05918e-07 
-0.00045 0.0007 2.05918e-07 
0.00045 -0.0007 2.05918e-07 
0.00045 0.0007 2.05918e-07 
-0.00045 -0.0009 1.75565e-07 
-0.00045 0.0009 1.75565e-07 
0.00045 -0.0009 1.75565e-07 
0.00045 0.0009 1.75565e-07 
-0.00045 -0.0011 1.43836e-07 
-0.00045 0.0011 1.43836e-07 
0.00045 -0.0011 1.43836e-07 
0.00045 0.0011 1.43836e-07 
-0.00045 -0.0013 1.13236e-07 
-0.00045 0.0013 1.13236e-07 
0.00045 -0.0013 1.13236e-07 
0.00045 0.0013 1.13236e-07 
-0.00045 -0.0015 8.56616e-08 
-0.00045 0.0015 8.56616e-08 
0.00045 -0.0015 8.56616e-08 
0.00045 0.0015 8.56616e-08 
-0.00045 -0.0017 6.22693e-08 
-0.00045 0.0017 6.22693e-08 
0.00045 -0.0017 6.22693e-08 
0.00045 0.0017 6.22693e-08 
-0.00045 -0.0019 4.34958e-08 
-0.00045 0.0019 4.34958e-08 
0.00045 -0.0019 4.34958e-08 
0.00045 0.0019 4.34958e-08 
-0.00045 -0.0021 2.91948e-08 
-0.00045 0.0021 2.91948e-08 
0.00045 -0.0021 2.91948e-08 
0.00045 0.0021 2.91948e-08 
-0.00045 -0.0023 1.883e-08 
-0.00045 0.0023 1.883e-08 
0.00045 -0.0023 1.883e-08 
0.00045 0.0023 1.883e-08 
-0.00045 -0.0025 1.16703e-08 
-0.00045 0.0025 1.16703e-08 
0.00045 -0.0025 1.16703e-08 
0.00045 0.0025 1.16703e-08 
-0.00045 -0.0027 6.95018e-09 
-0.00045 0.0027 6.95018e-09 
0.00045 -0.0027 6.95018e-09 
0.00045 0.0027 6.95018e-09 
-0.00045 -0.0029 3.97737e-09 
-0.00045 0.0029 3.97737e-09 
0.00045 -0.0029 3.97737e-09 
0.00045 0.0029 3.97737e-09 
-0.00045 -0.0031 2.18717e-09 
-0.00045 0.0031 2.18717e-09 
0.00045 -0.0031 2.18717e-09 
0.00045 0.0031 2.18717e-09 
-0.00045 -0.0033 1.15572e-09 
-0.00045 0.0033 1.15572e-09 
0.00045 -0.0033 1.15572e-09 
0.00045 0.0033 1.15572e-09 
-0.00045 -0.0035 5.86824e-10 
-0.00045 0.0035 5.86824e-10 
0.00045 -0.0035 5.86824e-10 
0.00045 0.0035 5.86824e-10 
-0.00045 -0.0037 2.86318e-10 
-0.00045 0.0037 2.86318e-10 
0.00045 -0.0037 2.86318e-10 
0.00045 0.0037 2.86318e-10 
-0.00045 -0.0039 1.34237e-10 
-0.00045 0.0039 1.34237e-10 
0.00045 -0.0039 1.34237e-10 
0.00045 0.0039 1.34237e-10 
-0.00045 -0.0041 6.04758e-11 
-0.00045 0.0041 6.04758e-11 
0.00045 -0.0041 6.04758e-11 
0.00045 0.0041 6.04758e-11 
-0.00045 -0.0043 2.61803e-11 
-0.00045 0.0043 2.61803e-11 
0.00045 -0.0043 2.61803e-11 
0.00045 0.0043 2.61803e-11 
-0.00045 -0.0045 1.08906e-11 
-0.00045 0.0045 1.08906e-11 
0.00045 -0.0045 1.08906e-11 
0.00045 0.0045 1.08906e-11 
-0.00045 -0.0047 4.35324e-12 
-0.00045 0.0047 4.35324e-12 
0.00045 -0.0047 4.35324e-12 
0.00045 0.0047 4.35324e-12 
-0.00045 -0.0049 1.67208e-12 
-0.00045 0.0049 1.67208e-12 
0.00045 -0.0049 1.67208e-12 
0.00045 0.0049 1.67208e-12 
-0.00047 -0.0001 1.04554e-07 
-0.00047 0.0001 1.04554e-07 
0.00047 -0.0001 1.04554e-07 
0.00047 0.0001 1.04554e-07 
-0.00047 -0.0003 1.00467e-07 
-0.00047 0.0003 1.00467e-07 
0.00047 -0.0003 1.00467e-07 
0.00047 0.0003 1.00467e-07 
-0.00047 -0.0005 9.27678e-08 
-0.00047 0.0005 9.27678e-08 
0.00047 -0.0005 9.27678e-08 
0.00047 0.0005 9.27678e-08 
-0.00047 -0.0007 8.23105e-08 
-0.00047 0.0007 8.23105e-08 
0.00047 -0.0007 8.23105e-08 
0.00047 0.0007 8.23105e-08 
-0.00047 -0.0009 7.01777e-08 
-0.00047 0.0009 7.01777e-08 
0.00047 -0.0009 7.01777e-08 
0.00047 0.0009 7.01777e-08 
-0.00047 -0.0011 5.74949e-08 
-0.00047 0.0011 5.74949e-08 
0.00047 -0.0011 5.74949e-08 
0.00047 0.0011 5.74949e-08 
-0.00047 -0.0013 4.52632e-08 
-0.00047 0.0013 4.52632e-08 
0.00047 -0.0013 4.52632e-08 
0.00047 0.0013 4.52632e-08 
-0.00047 -0.0015 3.42411e-08 
-0.00047 0.0015 3.42411e-08 
0.00047 -0.0015 3.42411e-08 
0.00047 0.0015 3.42411e-08 
-0.00047 -0.0017 2.48906e-08 
-0.00047 0.0017 2.48906e-08 
0.00047 -0.0017 2.48906e-08 
0.00047 0.0017 2.48906e-08 
-0.00047 -0.0019 1.73863e-08 
-0.00047 0.0019 1.73863e-08 
0.00047 -0.0019 1.73863e-08 
0.00047 0.0019 1.73863e-08 
-0.00047 -0.0021 1.16699e-08 
-0.00047 0.0021 1.16699e-08 
0.00047 -0.0021 1.16699e-08 
0.00047 0.0021 1.16699e-08 
-0.00047 -0.0023 7.52682e-09 
-0.00047 0.0023 7.52682e-09 
0.00047 -0.0023 7.52682e-09 
0.00047 0.0023 7.52682e-09 
-0.00047 -0.0025 4.66489e-09 
-0.00047 0.0025 4.66489e-09 
0.00047 -0.0025 4.66489e-09 
0.00047 0.0025 4.66489e-09 
-0.00047 -0.0027 2.77816e-09 
-0.00047 0.0027 2.77816e-09 
0.00047 -0.0027 2.77816e-09 
0.00047 0.0027 2.77816e-09 
-0.00047 -0.0029 1.58985e-09 
-0.00047 0.0029 1.58985e-09 
0.00047 -0.0029 1.58985e-09 
0.00047 0.0029 1.58985e-09 
-0.00047 -0.0031 8.74264e-10 
-0.00047 0.0031 8.74264e-10 
0.00047 -0.0031 8.74264e-10 
0.00047 0.0031 8.74264e-10 
-0.00047 -0.0033 4.6197e-10 
-0.00047 0.0033 4.6197e-10 
0.00047 -0.0033 4.6197e-10 
0.00047 0.0033 4.6197e-10 
-0.00047 -0.0035 2.34568e-10 
-0.00047 0.0035 2.34568e-10 
0.00047 -0.0035 2.34568e-10 
0.00047 0.0035 2.34568e-10 
-0.00047 -0.0037 1.14448e-10 
-0.00047 0.0037 1.14448e-10 
0.00047 -0.0037 1.14448e-10 
0.00047 0.0037 1.14448e-10 
-0.00047 -0.0039 5.36578e-11 
-0.00047 0.0039 5.36578e-11 
0.00047 -0.0039 5.36578e-11 
0.00047 0.0039 5.36578e-11 
-0.00047 -0.0041 2.41736e-11 
-0.00047 0.0041 2.41736e-11 
0.00047 -0.0041 2.41736e-11 
0.00047 0.0041 2.41736e-11 
-0.00047 -0.0043 1.04649e-11 
-0.00047 0.0043 1.04649e-11 
0.00047 -0.0043 1.04649e-11 
0.00047 0.0043 1.04649e-11 
-0.00047 -0.0045 4.35324e-12 
-0.00047 0.0045 4.35324e-12 
0.00047 -0.0045 4.35324e-12 
0.00047 0.0045 4.35324e-12 
-0.00047 -0.0047 1.74009e-12 
-0.00047 0.0047 1.74009e-12 
0.00047 -0.0047 1.74009e-12 
0.00047 0.0047 1.74009e-12 
-0.00047 -0.0049 6.68371e-13 
-0.00047 0.0049 6.68371e-13 
0.00047 -0.0049 6.68371e-13 
0.00047 0.0049 6.68371e-13 
-0.00049 -0.0001 4.0159e-08 
-0.00049 0.0001 4.0159e-08 
0.00049 -0.0001 4.0159e-08 
0.00049 0.0001 4.0159e-08 
-0.00049 -0.0003 3.85895e-08 
-0.00049 0.0003 3.85895e-08 
0.00049 -0.0003 3.85895e-08 
0.00049 0.0003 3.85895e-08 
-0.00049 -0.0005 3.56321e-08 
-0.00049 0.0005 3.56321e-08 
0.00049 -0.0005 3.56321e-08 
0.00049 0.0005 3.56321e-08 
-0.00049 -0.0007 3.16155e-08 
-0.00049 0.0007 3.16155e-08 
0.00049 -0.0007 3.16155e-08 
0.00049 0.0007 3.16155e-08 
-0.00049 -0.0009 2.69553e-08 
-0.00049 0.0009 2.69553e-08 
0.00049 -0.0009 2.69553e-08 
0.00049 0.0009 2.69553e-08 
-0.00049 -0.0011 2.20838e-08 
-0.00049 0.0011 2.20838e-08 
0.00049 -0.0011 2.20838e-08 
0.00049 0.0011 2.20838e-08 
-0.00049 -0.0013 1.73856e-08 
-0.00049 0.0013 1.73856e-08 
0.00049 -0.0013 1.73856e-08 
0.00049 0.0013 1.73856e-08 
-0.00049 -0.0015 1.3152e-08 
-0.00049 0.0015 1.3152e-08 
0.00049 -0.0015 1.3152e-08 
0.00049 0.0015 1.3152e-08 
-0.00049 -0.0017 9.56047e-09 
-0.00049 0.0017 9.56047e-09 
0.00049 -0.0017 9.56047e-09 
0.00049 0.0017 9.56047e-09 
-0.00049 -0.0019 6.67809e-09 
-0.00049 0.0019 6.67809e-09 
0.00049 -0.0019 6.67809e-09 
0.00049 0.0019 6.67809e-09 
-0.00049 -0.0021 4.48241e-09 
-0.00049 0.0021 4.48241e-09 
0.00049 -0.0021 4.48241e-09 
0.00049 0.0021 4.48241e-09 
-0.00049 -0.0023 2.89105e-09 
-0.00049 0.0023 2.89105e-09 
0.00049 -0.0023 2.89105e-09 
0.00049 0.0023 2.89105e-09 
-0.00049 -0.0025 1.79178e-09 
-0.00049 0.0025 1.79178e-09 
0.00049 -0.0025 1.79178e-09 
0.00049 0.0025 1.79178e-09 
-0.00049 -0.0027 1.06709e-09 
-0.00049 0.0027 1.06709e-09 
0.00049 -0.0027 1.06709e-09 
0.00049 0.0027 1.06709e-09 
-0.00049 -0.0029 6.10663e-10 
-0.00049 0.0029 6.10663e-10 
0.00049 -0.0029 6.10663e-10 
0.00049 0.0029 6.10663e-10 
-0.00049 -0.0031 3.35805e-10 
-0.00049 0.0031 3.35805e-10 
0.00049 -0.0031 3.35805e-10 
0.00049 0.0031 3.35805e-10 
-0.00049 -0.0033 1.77443e-10 
-0.00049 0.0033 1.77443e-10 
0.00049 -0.0033 1.77443e-10 
0.00049 0.0033 1.77443e-10 
-0.00049 -0.0035 9.00976e-11 
-0.00049 0.0035 9.00976e-11 
0.00049 -0.0035 9.00976e-11 
0.00049 0.0035 9.00976e-11 
-0.00049 -0.0037 4.39595e-11 
-0.00049 0.0037 4.39595e-11 
0.00049 -0.0037 4.39595e-11 
0.00049 0.0037 4.39595e-11 
-0.00049 -0.0039 2.061e-11 
-0.00049 0.0039 2.061e-11 
0.00049 -0.0039 2.061e-11 
0.00049 0.0039 2.061e-11 
-0.00049 -0.0041 9.2851e-12 
-0.00049 0.0041 9.2851e-12 
0.00049 -0.0041 9.2851e-12 
0.00049 0.0041 9.2851e-12 
-0.00049 -0.0043 4.01957e-12 
-0.00049 0.0043 4.01957e-12 
0.00049 -0.0043 4.01957e-12 
0.00049 0.0043 4.01957e-12 
-0.00049 -0.0045 1.67208e-12 
-0.00049 0.0045 1.67208e-12 
0.00049 -0.0045 1.67208e-12 
0.00049 0.0045 1.67208e-12 
-0.00049 -0.0047 6.68371e-13 
-0.00049 0.0047 6.68371e-13 
0.00049 -0.0047 6.68371e-13 
0.00049 0.0047 6.68371e-13 
-0.00049 -0.0049 2.56721e-13 
-0.00049 0.0049 2.56721e-13 
0.00049 -0.0049 2.56721e-13 
0.00049 0.0049 2.56721e-13 
